1;611560;0;0
2;611560;0;0.05555555555555555
3;611560;0;0.1111111111111111
4;611560;0;0.16666666666666666
5;611560;0;0.2222222222222222
6;611560;0;0.2777777777777778
7;611560;0;0.3333333333333333
8;611560;0;0.38888888888888884
9;611560;0;0.4444444444444444
10;611560;0;0.5
11;611560;1037923.7810888892;0
12;611560;1037923.7810888892;0.05555555555555555
13;611560;1037923.7810888892;0.1111111111111111
14;611560;1037923.7810888892;0.16666666666666666
15;611560;1037923.7810888892;0.2222222222222222
16;611560;1037923.7810888892;0.2777777777777778
17;611560;1037923.7810888892;0.3333333333333333
18;611560;1037923.7810888892;0.38888888888888884
19;611560;1037923.7810888892;0.4444444444444444
20;611560;1037923.7810888892;0.5
21;611560;2075847.5621777785;0
22;611560;2075847.5621777785;0.05555555555555555
23;611560;2075847.5621777785;0.1111111111111111
24;611560;2075847.5621777785;0.16666666666666666
25;611560;2075847.5621777785;0.2222222222222222
26;611560;2075847.5621777785;0.2777777777777778
27;611560;2075847.5621777785;0.3333333333333333
28;611560;2075847.5621777785;0.38888888888888884
29;611560;2075847.5621777785;0.4444444444444444
30;611560;2075847.5621777785;0.5
31;611560;3113771.343266668;0
32;611560;3113771.343266668;0.05555555555555555
33;611560;3113771.343266668;0.1111111111111111
34;611560;3113771.343266668;0.16666666666666666
35;611560;3113771.343266668;0.2222222222222222
36;611560;3113771.343266668;0.2777777777777778
37;611560;3113771.343266668;0.3333333333333333
38;611560;3113771.343266668;0.38888888888888884
39;611560;3113771.343266668;0.4444444444444444
40;611560;3113771.343266668;0.5
41;611560;4151695.124355557;0
42;611560;4151695.124355557;0.05555555555555555
43;611560;4151695.124355557;0.1111111111111111
44;611560;4151695.124355557;0.16666666666666666
45;611560;4151695.124355557;0.2222222222222222
46;611560;4151695.124355557;0.2777777777777778
47;611560;4151695.124355557;0.3333333333333333
48;611560;4151695.124355557;0.38888888888888884
49;611560;4151695.124355557;0.4444444444444444
50;611560;4151695.124355557;0.5
51;611560;5189618.905444446;0
52;611560;5189618.905444446;0.05555555555555555
53;611560;5189618.905444446;0.1111111111111111
54;611560;5189618.905444446;0.16666666666666666
55;611560;5189618.905444446;0.2222222222222222
56;611560;5189618.905444446;0.2777777777777778
57;611560;5189618.905444446;0.3333333333333333
58;611560;5189618.905444446;0.38888888888888884
59;611560;5189618.905444446;0.4444444444444444
60;611560;5189618.905444446;0.5
61;611560;6227542.686533336;0
62;611560;6227542.686533336;0.05555555555555555
63;611560;6227542.686533336;0.1111111111111111
64;611560;6227542.686533336;0.16666666666666666
65;611560;6227542.686533336;0.2222222222222222
66;611560;6227542.686533336;0.2777777777777778
67;611560;6227542.686533336;0.3333333333333333
68;611560;6227542.686533336;0.38888888888888884
69;611560;6227542.686533336;0.4444444444444444
70;611560;6227542.686533336;0.5
71;611560;7265466.467622224;0
72;611560;7265466.467622224;0.05555555555555555
73;611560;7265466.467622224;0.1111111111111111
74;611560;7265466.467622224;0.16666666666666666
75;611560;7265466.467622224;0.2222222222222222
76;611560;7265466.467622224;0.2777777777777778
77;611560;7265466.467622224;0.3333333333333333
78;611560;7265466.467622224;0.38888888888888884
79;611560;7265466.467622224;0.4444444444444444
80;611560;7265466.467622224;0.5
81;611560;8303390.248711114;0
82;611560;8303390.248711114;0.05555555555555555
83;611560;8303390.248711114;0.1111111111111111
84;611560;8303390.248711114;0.16666666666666666
85;611560;8303390.248711114;0.2222222222222222
86;611560;8303390.248711114;0.2777777777777778
87;611560;8303390.248711114;0.3333333333333333
88;611560;8303390.248711114;0.38888888888888884
89;611560;8303390.248711114;0.4444444444444444
90;611560;8303390.248711114;0.5
91;611560;9341314.029800003;0
92;611560;9341314.029800003;0.05555555555555555
93;611560;9341314.029800003;0.1111111111111111
94;611560;9341314.029800003;0.16666666666666666
95;611560;9341314.029800003;0.2222222222222222
96;611560;9341314.029800003;0.2777777777777778
97;611560;9341314.029800003;0.3333333333333333
98;611560;9341314.029800003;0.38888888888888884
99;611560;9341314.029800003;0.4444444444444444
100;611560;9341314.029800003;0.5
101;588825;0;0
102;588825;0;0.05555555555555555
103;588825;0;0.1111111111111111
104;588825;0;0.16666666666666666
105;588825;0;0.2222222222222222
106;588825;0;0.2777777777777778
107;588825;0;0.3333333333333333
108;588825;0;0.38888888888888884
109;588825;0;0.4444444444444444
110;588825;0;0.5
111;588825;1037923.7810888892;0
112;588825;1037923.7810888892;0.05555555555555555
113;588825;1037923.7810888892;0.1111111111111111
114;588825;1037923.7810888892;0.16666666666666666
115;588825;1037923.7810888892;0.2222222222222222
116;588825;1037923.7810888892;0.2777777777777778
117;588825;1037923.7810888892;0.3333333333333333
118;588825;1037923.7810888892;0.38888888888888884
119;588825;1037923.7810888892;0.4444444444444444
120;588825;1037923.7810888892;0.5
121;588825;2075847.5621777785;0
122;588825;2075847.5621777785;0.05555555555555555
123;588825;2075847.5621777785;0.1111111111111111
124;588825;2075847.5621777785;0.16666666666666666
125;588825;2075847.5621777785;0.2222222222222222
126;588825;2075847.5621777785;0.2777777777777778
127;588825;2075847.5621777785;0.3333333333333333
128;588825;2075847.5621777785;0.38888888888888884
129;588825;2075847.5621777785;0.4444444444444444
130;588825;2075847.5621777785;0.5
131;588825;3113771.343266668;0
132;588825;3113771.343266668;0.05555555555555555
133;588825;3113771.343266668;0.1111111111111111
134;588825;3113771.343266668;0.16666666666666666
135;588825;3113771.343266668;0.2222222222222222
136;588825;3113771.343266668;0.2777777777777778
137;588825;3113771.343266668;0.3333333333333333
138;588825;3113771.343266668;0.38888888888888884
139;588825;3113771.343266668;0.4444444444444444
140;588825;3113771.343266668;0.5
141;588825;4151695.124355557;0
142;588825;4151695.124355557;0.05555555555555555
143;588825;4151695.124355557;0.1111111111111111
144;588825;4151695.124355557;0.16666666666666666
145;588825;4151695.124355557;0.2222222222222222
146;588825;4151695.124355557;0.2777777777777778
147;588825;4151695.124355557;0.3333333333333333
148;588825;4151695.124355557;0.38888888888888884
149;588825;4151695.124355557;0.4444444444444444
150;588825;4151695.124355557;0.5
151;588825;5189618.905444446;0
152;588825;5189618.905444446;0.05555555555555555
153;588825;5189618.905444446;0.1111111111111111
154;588825;5189618.905444446;0.16666666666666666
155;588825;5189618.905444446;0.2222222222222222
156;588825;5189618.905444446;0.2777777777777778
157;588825;5189618.905444446;0.3333333333333333
158;588825;5189618.905444446;0.38888888888888884
159;588825;5189618.905444446;0.4444444444444444
160;588825;5189618.905444446;0.5
161;588825;6227542.686533336;0
162;588825;6227542.686533336;0.05555555555555555
163;588825;6227542.686533336;0.1111111111111111
164;588825;6227542.686533336;0.16666666666666666
165;588825;6227542.686533336;0.2222222222222222
166;588825;6227542.686533336;0.2777777777777778
167;588825;6227542.686533336;0.3333333333333333
168;588825;6227542.686533336;0.38888888888888884
169;588825;6227542.686533336;0.4444444444444444
170;588825;6227542.686533336;0.5
171;588825;7265466.467622224;0
172;588825;7265466.467622224;0.05555555555555555
173;588825;7265466.467622224;0.1111111111111111
174;588825;7265466.467622224;0.16666666666666666
175;588825;7265466.467622224;0.2222222222222222
176;588825;7265466.467622224;0.2777777777777778
177;588825;7265466.467622224;0.3333333333333333
178;588825;7265466.467622224;0.38888888888888884
179;588825;7265466.467622224;0.4444444444444444
180;588825;7265466.467622224;0.5
181;588825;8303390.248711114;0
182;588825;8303390.248711114;0.05555555555555555
183;588825;8303390.248711114;0.1111111111111111
184;588825;8303390.248711114;0.16666666666666666
185;588825;8303390.248711114;0.2222222222222222
186;588825;8303390.248711114;0.2777777777777778
187;588825;8303390.248711114;0.3333333333333333
188;588825;8303390.248711114;0.38888888888888884
189;588825;8303390.248711114;0.4444444444444444
190;588825;8303390.248711114;0.5
191;588825;9341314.029800003;0
192;588825;9341314.029800003;0.05555555555555555
193;588825;9341314.029800003;0.1111111111111111
194;588825;9341314.029800003;0.16666666666666666
195;588825;9341314.029800003;0.2222222222222222
196;588825;9341314.029800003;0.2777777777777778
197;588825;9341314.029800003;0.3333333333333333
198;588825;9341314.029800003;0.38888888888888884
199;588825;9341314.029800003;0.4444444444444444
200;588825;9341314.029800003;0.5
201;566090;0;0
202;566090;0;0.05555555555555555
203;566090;0;0.1111111111111111
204;566090;0;0.16666666666666666
205;566090;0;0.2222222222222222
206;566090;0;0.2777777777777778
207;566090;0;0.3333333333333333
208;566090;0;0.38888888888888884
209;566090;0;0.4444444444444444
210;566090;0;0.5
211;566090;1037923.7810888892;0
212;566090;1037923.7810888892;0.05555555555555555
213;566090;1037923.7810888892;0.1111111111111111
214;566090;1037923.7810888892;0.16666666666666666
215;566090;1037923.7810888892;0.2222222222222222
216;566090;1037923.7810888892;0.2777777777777778
217;566090;1037923.7810888892;0.3333333333333333
218;566090;1037923.7810888892;0.38888888888888884
219;566090;1037923.7810888892;0.4444444444444444
220;566090;1037923.7810888892;0.5
221;566090;2075847.5621777785;0
222;566090;2075847.5621777785;0.05555555555555555
223;566090;2075847.5621777785;0.1111111111111111
224;566090;2075847.5621777785;0.16666666666666666
225;566090;2075847.5621777785;0.2222222222222222
226;566090;2075847.5621777785;0.2777777777777778
227;566090;2075847.5621777785;0.3333333333333333
228;566090;2075847.5621777785;0.38888888888888884
229;566090;2075847.5621777785;0.4444444444444444
230;566090;2075847.5621777785;0.5
231;566090;3113771.343266668;0
232;566090;3113771.343266668;0.05555555555555555
233;566090;3113771.343266668;0.1111111111111111
234;566090;3113771.343266668;0.16666666666666666
235;566090;3113771.343266668;0.2222222222222222
236;566090;3113771.343266668;0.2777777777777778
237;566090;3113771.343266668;0.3333333333333333
238;566090;3113771.343266668;0.38888888888888884
239;566090;3113771.343266668;0.4444444444444444
240;566090;3113771.343266668;0.5
241;566090;4151695.124355557;0
242;566090;4151695.124355557;0.05555555555555555
243;566090;4151695.124355557;0.1111111111111111
244;566090;4151695.124355557;0.16666666666666666
245;566090;4151695.124355557;0.2222222222222222
246;566090;4151695.124355557;0.2777777777777778
247;566090;4151695.124355557;0.3333333333333333
248;566090;4151695.124355557;0.38888888888888884
249;566090;4151695.124355557;0.4444444444444444
250;566090;4151695.124355557;0.5
251;566090;5189618.905444446;0
252;566090;5189618.905444446;0.05555555555555555
253;566090;5189618.905444446;0.1111111111111111
254;566090;5189618.905444446;0.16666666666666666
255;566090;5189618.905444446;0.2222222222222222
256;566090;5189618.905444446;0.2777777777777778
257;566090;5189618.905444446;0.3333333333333333
258;566090;5189618.905444446;0.38888888888888884
259;566090;5189618.905444446;0.4444444444444444
260;566090;5189618.905444446;0.5
261;566090;6227542.686533336;0
262;566090;6227542.686533336;0.05555555555555555
263;566090;6227542.686533336;0.1111111111111111
264;566090;6227542.686533336;0.16666666666666666
265;566090;6227542.686533336;0.2222222222222222
266;566090;6227542.686533336;0.2777777777777778
267;566090;6227542.686533336;0.3333333333333333
268;566090;6227542.686533336;0.38888888888888884
269;566090;6227542.686533336;0.4444444444444444
270;566090;6227542.686533336;0.5
271;566090;7265466.467622224;0
272;566090;7265466.467622224;0.05555555555555555
273;566090;7265466.467622224;0.1111111111111111
274;566090;7265466.467622224;0.16666666666666666
275;566090;7265466.467622224;0.2222222222222222
276;566090;7265466.467622224;0.2777777777777778
277;566090;7265466.467622224;0.3333333333333333
278;566090;7265466.467622224;0.38888888888888884
279;566090;7265466.467622224;0.4444444444444444
280;566090;7265466.467622224;0.5
281;566090;8303390.248711114;0
282;566090;8303390.248711114;0.05555555555555555
283;566090;8303390.248711114;0.1111111111111111
284;566090;8303390.248711114;0.16666666666666666
285;566090;8303390.248711114;0.2222222222222222
286;566090;8303390.248711114;0.2777777777777778
287;566090;8303390.248711114;0.3333333333333333
288;566090;8303390.248711114;0.38888888888888884
289;566090;8303390.248711114;0.4444444444444444
290;566090;8303390.248711114;0.5
291;566090;9341314.029800003;0
292;566090;9341314.029800003;0.05555555555555555
293;566090;9341314.029800003;0.1111111111111111
294;566090;9341314.029800003;0.16666666666666666
295;566090;9341314.029800003;0.2222222222222222
296;566090;9341314.029800003;0.2777777777777778
297;566090;9341314.029800003;0.3333333333333333
298;566090;9341314.029800003;0.38888888888888884
299;566090;9341314.029800003;0.4444444444444444
300;566090;9341314.029800003;0.5
301;543356;0;0
302;543356;0;0.05555555555555555
303;543356;0;0.1111111111111111
304;543356;0;0.16666666666666666
305;543356;0;0.2222222222222222
306;543356;0;0.2777777777777778
307;543356;0;0.3333333333333333
308;543356;0;0.38888888888888884
309;543356;0;0.4444444444444444
310;543356;0;0.5
311;543356;1037923.7810888892;0
312;543356;1037923.7810888892;0.05555555555555555
313;543356;1037923.7810888892;0.1111111111111111
314;543356;1037923.7810888892;0.16666666666666666
315;543356;1037923.7810888892;0.2222222222222222
316;543356;1037923.7810888892;0.2777777777777778
317;543356;1037923.7810888892;0.3333333333333333
318;543356;1037923.7810888892;0.38888888888888884
319;543356;1037923.7810888892;0.4444444444444444
320;543356;1037923.7810888892;0.5
321;543356;2075847.5621777785;0
322;543356;2075847.5621777785;0.05555555555555555
323;543356;2075847.5621777785;0.1111111111111111
324;543356;2075847.5621777785;0.16666666666666666
325;543356;2075847.5621777785;0.2222222222222222
326;543356;2075847.5621777785;0.2777777777777778
327;543356;2075847.5621777785;0.3333333333333333
328;543356;2075847.5621777785;0.38888888888888884
329;543356;2075847.5621777785;0.4444444444444444
330;543356;2075847.5621777785;0.5
331;543356;3113771.343266668;0
332;543356;3113771.343266668;0.05555555555555555
333;543356;3113771.343266668;0.1111111111111111
334;543356;3113771.343266668;0.16666666666666666
335;543356;3113771.343266668;0.2222222222222222
336;543356;3113771.343266668;0.2777777777777778
337;543356;3113771.343266668;0.3333333333333333
338;543356;3113771.343266668;0.38888888888888884
339;543356;3113771.343266668;0.4444444444444444
340;543356;3113771.343266668;0.5
341;543356;4151695.124355557;0
342;543356;4151695.124355557;0.05555555555555555
343;543356;4151695.124355557;0.1111111111111111
344;543356;4151695.124355557;0.16666666666666666
345;543356;4151695.124355557;0.2222222222222222
346;543356;4151695.124355557;0.2777777777777778
347;543356;4151695.124355557;0.3333333333333333
348;543356;4151695.124355557;0.38888888888888884
349;543356;4151695.124355557;0.4444444444444444
350;543356;4151695.124355557;0.5
351;543356;5189618.905444446;0
352;543356;5189618.905444446;0.05555555555555555
353;543356;5189618.905444446;0.1111111111111111
354;543356;5189618.905444446;0.16666666666666666
355;543356;5189618.905444446;0.2222222222222222
356;543356;5189618.905444446;0.2777777777777778
357;543356;5189618.905444446;0.3333333333333333
358;543356;5189618.905444446;0.38888888888888884
359;543356;5189618.905444446;0.4444444444444444
360;543356;5189618.905444446;0.5
361;543356;6227542.686533336;0
362;543356;6227542.686533336;0.05555555555555555
363;543356;6227542.686533336;0.1111111111111111
364;543356;6227542.686533336;0.16666666666666666
365;543356;6227542.686533336;0.2222222222222222
366;543356;6227542.686533336;0.2777777777777778
367;543356;6227542.686533336;0.3333333333333333
368;543356;6227542.686533336;0.38888888888888884
369;543356;6227542.686533336;0.4444444444444444
370;543356;6227542.686533336;0.5
371;543356;7265466.467622224;0
372;543356;7265466.467622224;0.05555555555555555
373;543356;7265466.467622224;0.1111111111111111
374;543356;7265466.467622224;0.16666666666666666
375;543356;7265466.467622224;0.2222222222222222
376;543356;7265466.467622224;0.2777777777777778
377;543356;7265466.467622224;0.3333333333333333
378;543356;7265466.467622224;0.38888888888888884
379;543356;7265466.467622224;0.4444444444444444
380;543356;7265466.467622224;0.5
381;543356;8303390.248711114;0
382;543356;8303390.248711114;0.05555555555555555
383;543356;8303390.248711114;0.1111111111111111
384;543356;8303390.248711114;0.16666666666666666
385;543356;8303390.248711114;0.2222222222222222
386;543356;8303390.248711114;0.2777777777777778
387;543356;8303390.248711114;0.3333333333333333
388;543356;8303390.248711114;0.38888888888888884
389;543356;8303390.248711114;0.4444444444444444
390;543356;8303390.248711114;0.5
391;543356;9341314.029800003;0
392;543356;9341314.029800003;0.05555555555555555
393;543356;9341314.029800003;0.1111111111111111
394;543356;9341314.029800003;0.16666666666666666
395;543356;9341314.029800003;0.2222222222222222
396;543356;9341314.029800003;0.2777777777777778
397;543356;9341314.029800003;0.3333333333333333
398;543356;9341314.029800003;0.38888888888888884
399;543356;9341314.029800003;0.4444444444444444
400;543356;9341314.029800003;0.5
401;520621;0;0
402;520621;0;0.05555555555555555
403;520621;0;0.1111111111111111
404;520621;0;0.16666666666666666
405;520621;0;0.2222222222222222
406;520621;0;0.2777777777777778
407;520621;0;0.3333333333333333
408;520621;0;0.38888888888888884
409;520621;0;0.4444444444444444
410;520621;0;0.5
411;520621;1037923.7810888892;0
412;520621;1037923.7810888892;0.05555555555555555
413;520621;1037923.7810888892;0.1111111111111111
414;520621;1037923.7810888892;0.16666666666666666
415;520621;1037923.7810888892;0.2222222222222222
416;520621;1037923.7810888892;0.2777777777777778
417;520621;1037923.7810888892;0.3333333333333333
418;520621;1037923.7810888892;0.38888888888888884
419;520621;1037923.7810888892;0.4444444444444444
420;520621;1037923.7810888892;0.5
421;520621;2075847.5621777785;0
422;520621;2075847.5621777785;0.05555555555555555
423;520621;2075847.5621777785;0.1111111111111111
424;520621;2075847.5621777785;0.16666666666666666
425;520621;2075847.5621777785;0.2222222222222222
426;520621;2075847.5621777785;0.2777777777777778
427;520621;2075847.5621777785;0.3333333333333333
428;520621;2075847.5621777785;0.38888888888888884
429;520621;2075847.5621777785;0.4444444444444444
430;520621;2075847.5621777785;0.5
431;520621;3113771.343266668;0
432;520621;3113771.343266668;0.05555555555555555
433;520621;3113771.343266668;0.1111111111111111
434;520621;3113771.343266668;0.16666666666666666
435;520621;3113771.343266668;0.2222222222222222
436;520621;3113771.343266668;0.2777777777777778
437;520621;3113771.343266668;0.3333333333333333
438;520621;3113771.343266668;0.38888888888888884
439;520621;3113771.343266668;0.4444444444444444
440;520621;3113771.343266668;0.5
441;520621;4151695.124355557;0
442;520621;4151695.124355557;0.05555555555555555
443;520621;4151695.124355557;0.1111111111111111
444;520621;4151695.124355557;0.16666666666666666
445;520621;4151695.124355557;0.2222222222222222
446;520621;4151695.124355557;0.2777777777777778
447;520621;4151695.124355557;0.3333333333333333
448;520621;4151695.124355557;0.38888888888888884
449;520621;4151695.124355557;0.4444444444444444
450;520621;4151695.124355557;0.5
451;520621;5189618.905444446;0
452;520621;5189618.905444446;0.05555555555555555
453;520621;5189618.905444446;0.1111111111111111
454;520621;5189618.905444446;0.16666666666666666
455;520621;5189618.905444446;0.2222222222222222
456;520621;5189618.905444446;0.2777777777777778
457;520621;5189618.905444446;0.3333333333333333
458;520621;5189618.905444446;0.38888888888888884
459;520621;5189618.905444446;0.4444444444444444
460;520621;5189618.905444446;0.5
461;520621;6227542.686533336;0
462;520621;6227542.686533336;0.05555555555555555
463;520621;6227542.686533336;0.1111111111111111
464;520621;6227542.686533336;0.16666666666666666
465;520621;6227542.686533336;0.2222222222222222
466;520621;6227542.686533336;0.2777777777777778
467;520621;6227542.686533336;0.3333333333333333
468;520621;6227542.686533336;0.38888888888888884
469;520621;6227542.686533336;0.4444444444444444
470;520621;6227542.686533336;0.5
471;520621;7265466.467622224;0
472;520621;7265466.467622224;0.05555555555555555
473;520621;7265466.467622224;0.1111111111111111
474;520621;7265466.467622224;0.16666666666666666
475;520621;7265466.467622224;0.2222222222222222
476;520621;7265466.467622224;0.2777777777777778
477;520621;7265466.467622224;0.3333333333333333
478;520621;7265466.467622224;0.38888888888888884
479;520621;7265466.467622224;0.4444444444444444
480;520621;7265466.467622224;0.5
481;520621;8303390.248711114;0
482;520621;8303390.248711114;0.05555555555555555
483;520621;8303390.248711114;0.1111111111111111
484;520621;8303390.248711114;0.16666666666666666
485;520621;8303390.248711114;0.2222222222222222
486;520621;8303390.248711114;0.2777777777777778
487;520621;8303390.248711114;0.3333333333333333
488;520621;8303390.248711114;0.38888888888888884
489;520621;8303390.248711114;0.4444444444444444
490;520621;8303390.248711114;0.5
491;520621;9341314.029800003;0
492;520621;9341314.029800003;0.05555555555555555
493;520621;9341314.029800003;0.1111111111111111
494;520621;9341314.029800003;0.16666666666666666
495;520621;9341314.029800003;0.2222222222222222
496;520621;9341314.029800003;0.2777777777777778
497;520621;9341314.029800003;0.3333333333333333
498;520621;9341314.029800003;0.38888888888888884
499;520621;9341314.029800003;0.4444444444444444
500;520621;9341314.029800003;0.5
501;497887;0;0
502;497887;0;0.05555555555555555
503;497887;0;0.1111111111111111
504;497887;0;0.16666666666666666
505;497887;0;0.2222222222222222
506;497887;0;0.2777777777777778
507;497887;0;0.3333333333333333
508;497887;0;0.38888888888888884
509;497887;0;0.4444444444444444
510;497887;0;0.5
511;497887;1037923.7810888892;0
512;497887;1037923.7810888892;0.05555555555555555
513;497887;1037923.7810888892;0.1111111111111111
514;497887;1037923.7810888892;0.16666666666666666
515;497887;1037923.7810888892;0.2222222222222222
516;497887;1037923.7810888892;0.2777777777777778
517;497887;1037923.7810888892;0.3333333333333333
518;497887;1037923.7810888892;0.38888888888888884
519;497887;1037923.7810888892;0.4444444444444444
520;497887;1037923.7810888892;0.5
521;497887;2075847.5621777785;0
522;497887;2075847.5621777785;0.05555555555555555
523;497887;2075847.5621777785;0.1111111111111111
524;497887;2075847.5621777785;0.16666666666666666
525;497887;2075847.5621777785;0.2222222222222222
526;497887;2075847.5621777785;0.2777777777777778
527;497887;2075847.5621777785;0.3333333333333333
528;497887;2075847.5621777785;0.38888888888888884
529;497887;2075847.5621777785;0.4444444444444444
530;497887;2075847.5621777785;0.5
531;497887;3113771.343266668;0
532;497887;3113771.343266668;0.05555555555555555
533;497887;3113771.343266668;0.1111111111111111
534;497887;3113771.343266668;0.16666666666666666
535;497887;3113771.343266668;0.2222222222222222
536;497887;3113771.343266668;0.2777777777777778
537;497887;3113771.343266668;0.3333333333333333
538;497887;3113771.343266668;0.38888888888888884
539;497887;3113771.343266668;0.4444444444444444
540;497887;3113771.343266668;0.5
541;497887;4151695.124355557;0
542;497887;4151695.124355557;0.05555555555555555
543;497887;4151695.124355557;0.1111111111111111
544;497887;4151695.124355557;0.16666666666666666
545;497887;4151695.124355557;0.2222222222222222
546;497887;4151695.124355557;0.2777777777777778
547;497887;4151695.124355557;0.3333333333333333
548;497887;4151695.124355557;0.38888888888888884
549;497887;4151695.124355557;0.4444444444444444
550;497887;4151695.124355557;0.5
551;497887;5189618.905444446;0
552;497887;5189618.905444446;0.05555555555555555
553;497887;5189618.905444446;0.1111111111111111
554;497887;5189618.905444446;0.16666666666666666
555;497887;5189618.905444446;0.2222222222222222
556;497887;5189618.905444446;0.2777777777777778
557;497887;5189618.905444446;0.3333333333333333
558;497887;5189618.905444446;0.38888888888888884
559;497887;5189618.905444446;0.4444444444444444
560;497887;5189618.905444446;0.5
561;497887;6227542.686533336;0
562;497887;6227542.686533336;0.05555555555555555
563;497887;6227542.686533336;0.1111111111111111
564;497887;6227542.686533336;0.16666666666666666
565;497887;6227542.686533336;0.2222222222222222
566;497887;6227542.686533336;0.2777777777777778
567;497887;6227542.686533336;0.3333333333333333
568;497887;6227542.686533336;0.38888888888888884
569;497887;6227542.686533336;0.4444444444444444
570;497887;6227542.686533336;0.5
571;497887;7265466.467622224;0
572;497887;7265466.467622224;0.05555555555555555
573;497887;7265466.467622224;0.1111111111111111
574;497887;7265466.467622224;0.16666666666666666
575;497887;7265466.467622224;0.2222222222222222
576;497887;7265466.467622224;0.2777777777777778
577;497887;7265466.467622224;0.3333333333333333
578;497887;7265466.467622224;0.38888888888888884
579;497887;7265466.467622224;0.4444444444444444
580;497887;7265466.467622224;0.5
581;497887;8303390.248711114;0
582;497887;8303390.248711114;0.05555555555555555
583;497887;8303390.248711114;0.1111111111111111
584;497887;8303390.248711114;0.16666666666666666
585;497887;8303390.248711114;0.2222222222222222
586;497887;8303390.248711114;0.2777777777777778
587;497887;8303390.248711114;0.3333333333333333
588;497887;8303390.248711114;0.38888888888888884
589;497887;8303390.248711114;0.4444444444444444
590;497887;8303390.248711114;0.5
591;497887;9341314.029800003;0
592;497887;9341314.029800003;0.05555555555555555
593;497887;9341314.029800003;0.1111111111111111
594;497887;9341314.029800003;0.16666666666666666
595;497887;9341314.029800003;0.2222222222222222
596;497887;9341314.029800003;0.2777777777777778
597;497887;9341314.029800003;0.3333333333333333
598;497887;9341314.029800003;0.38888888888888884
599;497887;9341314.029800003;0.4444444444444444
600;497887;9341314.029800003;0.5
601;475152;0;0
602;475152;0;0.05555555555555555
603;475152;0;0.1111111111111111
604;475152;0;0.16666666666666666
605;475152;0;0.2222222222222222
606;475152;0;0.2777777777777778
607;475152;0;0.3333333333333333
608;475152;0;0.38888888888888884
609;475152;0;0.4444444444444444
610;475152;0;0.5
611;475152;1037923.7810888892;0
612;475152;1037923.7810888892;0.05555555555555555
613;475152;1037923.7810888892;0.1111111111111111
614;475152;1037923.7810888892;0.16666666666666666
615;475152;1037923.7810888892;0.2222222222222222
616;475152;1037923.7810888892;0.2777777777777778
617;475152;1037923.7810888892;0.3333333333333333
618;475152;1037923.7810888892;0.38888888888888884
619;475152;1037923.7810888892;0.4444444444444444
620;475152;1037923.7810888892;0.5
621;475152;2075847.5621777785;0
622;475152;2075847.5621777785;0.05555555555555555
623;475152;2075847.5621777785;0.1111111111111111
624;475152;2075847.5621777785;0.16666666666666666
625;475152;2075847.5621777785;0.2222222222222222
626;475152;2075847.5621777785;0.2777777777777778
627;475152;2075847.5621777785;0.3333333333333333
628;475152;2075847.5621777785;0.38888888888888884
629;475152;2075847.5621777785;0.4444444444444444
630;475152;2075847.5621777785;0.5
631;475152;3113771.343266668;0
632;475152;3113771.343266668;0.05555555555555555
633;475152;3113771.343266668;0.1111111111111111
634;475152;3113771.343266668;0.16666666666666666
635;475152;3113771.343266668;0.2222222222222222
636;475152;3113771.343266668;0.2777777777777778
637;475152;3113771.343266668;0.3333333333333333
638;475152;3113771.343266668;0.38888888888888884
639;475152;3113771.343266668;0.4444444444444444
640;475152;3113771.343266668;0.5
641;475152;4151695.124355557;0
642;475152;4151695.124355557;0.05555555555555555
643;475152;4151695.124355557;0.1111111111111111
644;475152;4151695.124355557;0.16666666666666666
645;475152;4151695.124355557;0.2222222222222222
646;475152;4151695.124355557;0.2777777777777778
647;475152;4151695.124355557;0.3333333333333333
648;475152;4151695.124355557;0.38888888888888884
649;475152;4151695.124355557;0.4444444444444444
650;475152;4151695.124355557;0.5
651;475152;5189618.905444446;0
652;475152;5189618.905444446;0.05555555555555555
653;475152;5189618.905444446;0.1111111111111111
654;475152;5189618.905444446;0.16666666666666666
655;475152;5189618.905444446;0.2222222222222222
656;475152;5189618.905444446;0.2777777777777778
657;475152;5189618.905444446;0.3333333333333333
658;475152;5189618.905444446;0.38888888888888884
659;475152;5189618.905444446;0.4444444444444444
660;475152;5189618.905444446;0.5
661;475152;6227542.686533336;0
662;475152;6227542.686533336;0.05555555555555555
663;475152;6227542.686533336;0.1111111111111111
664;475152;6227542.686533336;0.16666666666666666
665;475152;6227542.686533336;0.2222222222222222
666;475152;6227542.686533336;0.2777777777777778
667;475152;6227542.686533336;0.3333333333333333
668;475152;6227542.686533336;0.38888888888888884
669;475152;6227542.686533336;0.4444444444444444
670;475152;6227542.686533336;0.5
671;475152;7265466.467622224;0
672;475152;7265466.467622224;0.05555555555555555
673;475152;7265466.467622224;0.1111111111111111
674;475152;7265466.467622224;0.16666666666666666
675;475152;7265466.467622224;0.2222222222222222
676;475152;7265466.467622224;0.2777777777777778
677;475152;7265466.467622224;0.3333333333333333
678;475152;7265466.467622224;0.38888888888888884
679;475152;7265466.467622224;0.4444444444444444
680;475152;7265466.467622224;0.5
681;475152;8303390.248711114;0
682;475152;8303390.248711114;0.05555555555555555
683;475152;8303390.248711114;0.1111111111111111
684;475152;8303390.248711114;0.16666666666666666
685;475152;8303390.248711114;0.2222222222222222
686;475152;8303390.248711114;0.2777777777777778
687;475152;8303390.248711114;0.3333333333333333
688;475152;8303390.248711114;0.38888888888888884
689;475152;8303390.248711114;0.4444444444444444
690;475152;8303390.248711114;0.5
691;475152;9341314.029800003;0
692;475152;9341314.029800003;0.05555555555555555
693;475152;9341314.029800003;0.1111111111111111
694;475152;9341314.029800003;0.16666666666666666
695;475152;9341314.029800003;0.2222222222222222
696;475152;9341314.029800003;0.2777777777777778
697;475152;9341314.029800003;0.3333333333333333
698;475152;9341314.029800003;0.38888888888888884
699;475152;9341314.029800003;0.4444444444444444
700;475152;9341314.029800003;0.5
701;452418;0;0
702;452418;0;0.05555555555555555
703;452418;0;0.1111111111111111
704;452418;0;0.16666666666666666
705;452418;0;0.2222222222222222
706;452418;0;0.2777777777777778
707;452418;0;0.3333333333333333
708;452418;0;0.38888888888888884
709;452418;0;0.4444444444444444
710;452418;0;0.5
711;452418;1037923.7810888892;0
712;452418;1037923.7810888892;0.05555555555555555
713;452418;1037923.7810888892;0.1111111111111111
714;452418;1037923.7810888892;0.16666666666666666
715;452418;1037923.7810888892;0.2222222222222222
716;452418;1037923.7810888892;0.2777777777777778
717;452418;1037923.7810888892;0.3333333333333333
718;452418;1037923.7810888892;0.38888888888888884
719;452418;1037923.7810888892;0.4444444444444444
720;452418;1037923.7810888892;0.5
721;452418;2075847.5621777785;0
722;452418;2075847.5621777785;0.05555555555555555
723;452418;2075847.5621777785;0.1111111111111111
724;452418;2075847.5621777785;0.16666666666666666
725;452418;2075847.5621777785;0.2222222222222222
726;452418;2075847.5621777785;0.2777777777777778
727;452418;2075847.5621777785;0.3333333333333333
728;452418;2075847.5621777785;0.38888888888888884
729;452418;2075847.5621777785;0.4444444444444444
730;452418;2075847.5621777785;0.5
731;452418;3113771.343266668;0
732;452418;3113771.343266668;0.05555555555555555
733;452418;3113771.343266668;0.1111111111111111
734;452418;3113771.343266668;0.16666666666666666
735;452418;3113771.343266668;0.2222222222222222
736;452418;3113771.343266668;0.2777777777777778
737;452418;3113771.343266668;0.3333333333333333
738;452418;3113771.343266668;0.38888888888888884
739;452418;3113771.343266668;0.4444444444444444
740;452418;3113771.343266668;0.5
741;452418;4151695.124355557;0
742;452418;4151695.124355557;0.05555555555555555
743;452418;4151695.124355557;0.1111111111111111
744;452418;4151695.124355557;0.16666666666666666
745;452418;4151695.124355557;0.2222222222222222
746;452418;4151695.124355557;0.2777777777777778
747;452418;4151695.124355557;0.3333333333333333
748;452418;4151695.124355557;0.38888888888888884
749;452418;4151695.124355557;0.4444444444444444
750;452418;4151695.124355557;0.5
751;452418;5189618.905444446;0
752;452418;5189618.905444446;0.05555555555555555
753;452418;5189618.905444446;0.1111111111111111
754;452418;5189618.905444446;0.16666666666666666
755;452418;5189618.905444446;0.2222222222222222
756;452418;5189618.905444446;0.2777777777777778
757;452418;5189618.905444446;0.3333333333333333
758;452418;5189618.905444446;0.38888888888888884
759;452418;5189618.905444446;0.4444444444444444
760;452418;5189618.905444446;0.5
761;452418;6227542.686533336;0
762;452418;6227542.686533336;0.05555555555555555
763;452418;6227542.686533336;0.1111111111111111
764;452418;6227542.686533336;0.16666666666666666
765;452418;6227542.686533336;0.2222222222222222
766;452418;6227542.686533336;0.2777777777777778
767;452418;6227542.686533336;0.3333333333333333
768;452418;6227542.686533336;0.38888888888888884
769;452418;6227542.686533336;0.4444444444444444
770;452418;6227542.686533336;0.5
771;452418;7265466.467622224;0
772;452418;7265466.467622224;0.05555555555555555
773;452418;7265466.467622224;0.1111111111111111
774;452418;7265466.467622224;0.16666666666666666
775;452418;7265466.467622224;0.2222222222222222
776;452418;7265466.467622224;0.2777777777777778
777;452418;7265466.467622224;0.3333333333333333
778;452418;7265466.467622224;0.38888888888888884
779;452418;7265466.467622224;0.4444444444444444
780;452418;7265466.467622224;0.5
781;452418;8303390.248711114;0
782;452418;8303390.248711114;0.05555555555555555
783;452418;8303390.248711114;0.1111111111111111
784;452418;8303390.248711114;0.16666666666666666
785;452418;8303390.248711114;0.2222222222222222
786;452418;8303390.248711114;0.2777777777777778
787;452418;8303390.248711114;0.3333333333333333
788;452418;8303390.248711114;0.38888888888888884
789;452418;8303390.248711114;0.4444444444444444
790;452418;8303390.248711114;0.5
791;452418;9341314.029800003;0
792;452418;9341314.029800003;0.05555555555555555
793;452418;9341314.029800003;0.1111111111111111
794;452418;9341314.029800003;0.16666666666666666
795;452418;9341314.029800003;0.2222222222222222
796;452418;9341314.029800003;0.2777777777777778
797;452418;9341314.029800003;0.3333333333333333
798;452418;9341314.029800003;0.38888888888888884
799;452418;9341314.029800003;0.4444444444444444
800;452418;9341314.029800003;0.5
801;429683;0;0
802;429683;0;0.05555555555555555
803;429683;0;0.1111111111111111
804;429683;0;0.16666666666666666
805;429683;0;0.2222222222222222
806;429683;0;0.2777777777777778
807;429683;0;0.3333333333333333
808;429683;0;0.38888888888888884
809;429683;0;0.4444444444444444
810;429683;0;0.5
811;429683;1037923.7810888892;0
812;429683;1037923.7810888892;0.05555555555555555
813;429683;1037923.7810888892;0.1111111111111111
814;429683;1037923.7810888892;0.16666666666666666
815;429683;1037923.7810888892;0.2222222222222222
816;429683;1037923.7810888892;0.2777777777777778
817;429683;1037923.7810888892;0.3333333333333333
818;429683;1037923.7810888892;0.38888888888888884
819;429683;1037923.7810888892;0.4444444444444444
820;429683;1037923.7810888892;0.5
821;429683;2075847.5621777785;0
822;429683;2075847.5621777785;0.05555555555555555
823;429683;2075847.5621777785;0.1111111111111111
824;429683;2075847.5621777785;0.16666666666666666
825;429683;2075847.5621777785;0.2222222222222222
826;429683;2075847.5621777785;0.2777777777777778
827;429683;2075847.5621777785;0.3333333333333333
828;429683;2075847.5621777785;0.38888888888888884
829;429683;2075847.5621777785;0.4444444444444444
830;429683;2075847.5621777785;0.5
831;429683;3113771.343266668;0
832;429683;3113771.343266668;0.05555555555555555
833;429683;3113771.343266668;0.1111111111111111
834;429683;3113771.343266668;0.16666666666666666
835;429683;3113771.343266668;0.2222222222222222
836;429683;3113771.343266668;0.2777777777777778
837;429683;3113771.343266668;0.3333333333333333
838;429683;3113771.343266668;0.38888888888888884
839;429683;3113771.343266668;0.4444444444444444
840;429683;3113771.343266668;0.5
841;429683;4151695.124355557;0
842;429683;4151695.124355557;0.05555555555555555
843;429683;4151695.124355557;0.1111111111111111
844;429683;4151695.124355557;0.16666666666666666
845;429683;4151695.124355557;0.2222222222222222
846;429683;4151695.124355557;0.2777777777777778
847;429683;4151695.124355557;0.3333333333333333
848;429683;4151695.124355557;0.38888888888888884
849;429683;4151695.124355557;0.4444444444444444
850;429683;4151695.124355557;0.5
851;429683;5189618.905444446;0
852;429683;5189618.905444446;0.05555555555555555
853;429683;5189618.905444446;0.1111111111111111
854;429683;5189618.905444446;0.16666666666666666
855;429683;5189618.905444446;0.2222222222222222
856;429683;5189618.905444446;0.2777777777777778
857;429683;5189618.905444446;0.3333333333333333
858;429683;5189618.905444446;0.38888888888888884
859;429683;5189618.905444446;0.4444444444444444
860;429683;5189618.905444446;0.5
861;429683;6227542.686533336;0
862;429683;6227542.686533336;0.05555555555555555
863;429683;6227542.686533336;0.1111111111111111
864;429683;6227542.686533336;0.16666666666666666
865;429683;6227542.686533336;0.2222222222222222
866;429683;6227542.686533336;0.2777777777777778
867;429683;6227542.686533336;0.3333333333333333
868;429683;6227542.686533336;0.38888888888888884
869;429683;6227542.686533336;0.4444444444444444
870;429683;6227542.686533336;0.5
871;429683;7265466.467622224;0
872;429683;7265466.467622224;0.05555555555555555
873;429683;7265466.467622224;0.1111111111111111
874;429683;7265466.467622224;0.16666666666666666
875;429683;7265466.467622224;0.2222222222222222
876;429683;7265466.467622224;0.2777777777777778
877;429683;7265466.467622224;0.3333333333333333
878;429683;7265466.467622224;0.38888888888888884
879;429683;7265466.467622224;0.4444444444444444
880;429683;7265466.467622224;0.5
881;429683;8303390.248711114;0
882;429683;8303390.248711114;0.05555555555555555
883;429683;8303390.248711114;0.1111111111111111
884;429683;8303390.248711114;0.16666666666666666
885;429683;8303390.248711114;0.2222222222222222
886;429683;8303390.248711114;0.2777777777777778
887;429683;8303390.248711114;0.3333333333333333
888;429683;8303390.248711114;0.38888888888888884
889;429683;8303390.248711114;0.4444444444444444
890;429683;8303390.248711114;0.5
891;429683;9341314.029800003;0
892;429683;9341314.029800003;0.05555555555555555
893;429683;9341314.029800003;0.1111111111111111
894;429683;9341314.029800003;0.16666666666666666
895;429683;9341314.029800003;0.2222222222222222
896;429683;9341314.029800003;0.2777777777777778
897;429683;9341314.029800003;0.3333333333333333
898;429683;9341314.029800003;0.38888888888888884
899;429683;9341314.029800003;0.4444444444444444
900;429683;9341314.029800003;0.5
901;406949;0;0
902;406949;0;0.05555555555555555
903;406949;0;0.1111111111111111
904;406949;0;0.16666666666666666
905;406949;0;0.2222222222222222
906;406949;0;0.2777777777777778
907;406949;0;0.3333333333333333
908;406949;0;0.38888888888888884
909;406949;0;0.4444444444444444
910;406949;0;0.5
911;406949;1037923.7810888892;0
912;406949;1037923.7810888892;0.05555555555555555
913;406949;1037923.7810888892;0.1111111111111111
914;406949;1037923.7810888892;0.16666666666666666
915;406949;1037923.7810888892;0.2222222222222222
916;406949;1037923.7810888892;0.2777777777777778
917;406949;1037923.7810888892;0.3333333333333333
918;406949;1037923.7810888892;0.38888888888888884
919;406949;1037923.7810888892;0.4444444444444444
920;406949;1037923.7810888892;0.5
921;406949;2075847.5621777785;0
922;406949;2075847.5621777785;0.05555555555555555
923;406949;2075847.5621777785;0.1111111111111111
924;406949;2075847.5621777785;0.16666666666666666
925;406949;2075847.5621777785;0.2222222222222222
926;406949;2075847.5621777785;0.2777777777777778
927;406949;2075847.5621777785;0.3333333333333333
928;406949;2075847.5621777785;0.38888888888888884
929;406949;2075847.5621777785;0.4444444444444444
930;406949;2075847.5621777785;0.5
931;406949;3113771.343266668;0
932;406949;3113771.343266668;0.05555555555555555
933;406949;3113771.343266668;0.1111111111111111
934;406949;3113771.343266668;0.16666666666666666
935;406949;3113771.343266668;0.2222222222222222
936;406949;3113771.343266668;0.2777777777777778
937;406949;3113771.343266668;0.3333333333333333
938;406949;3113771.343266668;0.38888888888888884
939;406949;3113771.343266668;0.4444444444444444
940;406949;3113771.343266668;0.5
941;406949;4151695.124355557;0
942;406949;4151695.124355557;0.05555555555555555
943;406949;4151695.124355557;0.1111111111111111
944;406949;4151695.124355557;0.16666666666666666
945;406949;4151695.124355557;0.2222222222222222
946;406949;4151695.124355557;0.2777777777777778
947;406949;4151695.124355557;0.3333333333333333
948;406949;4151695.124355557;0.38888888888888884
949;406949;4151695.124355557;0.4444444444444444
950;406949;4151695.124355557;0.5
951;406949;5189618.905444446;0
952;406949;5189618.905444446;0.05555555555555555
953;406949;5189618.905444446;0.1111111111111111
954;406949;5189618.905444446;0.16666666666666666
955;406949;5189618.905444446;0.2222222222222222
956;406949;5189618.905444446;0.2777777777777778
957;406949;5189618.905444446;0.3333333333333333
958;406949;5189618.905444446;0.38888888888888884
959;406949;5189618.905444446;0.4444444444444444
960;406949;5189618.905444446;0.5
961;406949;6227542.686533336;0
962;406949;6227542.686533336;0.05555555555555555
963;406949;6227542.686533336;0.1111111111111111
964;406949;6227542.686533336;0.16666666666666666
965;406949;6227542.686533336;0.2222222222222222
966;406949;6227542.686533336;0.2777777777777778
967;406949;6227542.686533336;0.3333333333333333
968;406949;6227542.686533336;0.38888888888888884
969;406949;6227542.686533336;0.4444444444444444
970;406949;6227542.686533336;0.5
971;406949;7265466.467622224;0
972;406949;7265466.467622224;0.05555555555555555
973;406949;7265466.467622224;0.1111111111111111
974;406949;7265466.467622224;0.16666666666666666
975;406949;7265466.467622224;0.2222222222222222
976;406949;7265466.467622224;0.2777777777777778
977;406949;7265466.467622224;0.3333333333333333
978;406949;7265466.467622224;0.38888888888888884
979;406949;7265466.467622224;0.4444444444444444
980;406949;7265466.467622224;0.5
981;406949;8303390.248711114;0
982;406949;8303390.248711114;0.05555555555555555
983;406949;8303390.248711114;0.1111111111111111
984;406949;8303390.248711114;0.16666666666666666
985;406949;8303390.248711114;0.2222222222222222
986;406949;8303390.248711114;0.2777777777777778
987;406949;8303390.248711114;0.3333333333333333
988;406949;8303390.248711114;0.38888888888888884
989;406949;8303390.248711114;0.4444444444444444
990;406949;8303390.248711114;0.5
991;406949;9341314.029800003;0
992;406949;9341314.029800003;0.05555555555555555
993;406949;9341314.029800003;0.1111111111111111
994;406949;9341314.029800003;0.16666666666666666
995;406949;9341314.029800003;0.2222222222222222
996;406949;9341314.029800003;0.2777777777777778
997;406949;9341314.029800003;0.3333333333333333
998;406949;9341314.029800003;0.38888888888888884
999;406949;9341314.029800003;0.4444444444444444
1000;406949;9341314.029800003;0.5
