1;534158;0;0
2;534158;0;0.05555555555555555
3;534158;0;0.1111111111111111
4;534158;0;0.16666666666666666
5;534158;0;0.2222222222222222
6;534158;0;0.2777777777777778
7;534158;0;0.3333333333333333
8;534158;0;0.38888888888888884
9;534158;0;0.4444444444444444
10;534158;0;0.5
11;534158;1269301.6122222226;0
12;534158;1269301.6122222226;0.05555555555555555
13;534158;1269301.6122222226;0.1111111111111111
14;534158;1269301.6122222226;0.16666666666666666
15;534158;1269301.6122222226;0.2222222222222222
16;534158;1269301.6122222226;0.2777777777777778
17;534158;1269301.6122222226;0.3333333333333333
18;534158;1269301.6122222226;0.38888888888888884
19;534158;1269301.6122222226;0.4444444444444444
20;534158;1269301.6122222226;0.5
21;534158;2538603.224444445;0
22;534158;2538603.224444445;0.05555555555555555
23;534158;2538603.224444445;0.1111111111111111
24;534158;2538603.224444445;0.16666666666666666
25;534158;2538603.224444445;0.2222222222222222
26;534158;2538603.224444445;0.2777777777777778
27;534158;2538603.224444445;0.3333333333333333
28;534158;2538603.224444445;0.38888888888888884
29;534158;2538603.224444445;0.4444444444444444
30;534158;2538603.224444445;0.5
31;534158;3807904.836666668;0
32;534158;3807904.836666668;0.05555555555555555
33;534158;3807904.836666668;0.1111111111111111
34;534158;3807904.836666668;0.16666666666666666
35;534158;3807904.836666668;0.2222222222222222
36;534158;3807904.836666668;0.2777777777777778
37;534158;3807904.836666668;0.3333333333333333
38;534158;3807904.836666668;0.38888888888888884
39;534158;3807904.836666668;0.4444444444444444
40;534158;3807904.836666668;0.5
41;534158;5077206.44888889;0
42;534158;5077206.44888889;0.05555555555555555
43;534158;5077206.44888889;0.1111111111111111
44;534158;5077206.44888889;0.16666666666666666
45;534158;5077206.44888889;0.2222222222222222
46;534158;5077206.44888889;0.2777777777777778
47;534158;5077206.44888889;0.3333333333333333
48;534158;5077206.44888889;0.38888888888888884
49;534158;5077206.44888889;0.4444444444444444
50;534158;5077206.44888889;0.5
51;534158;6346508.061111113;0
52;534158;6346508.061111113;0.05555555555555555
53;534158;6346508.061111113;0.1111111111111111
54;534158;6346508.061111113;0.16666666666666666
55;534158;6346508.061111113;0.2222222222222222
56;534158;6346508.061111113;0.2777777777777778
57;534158;6346508.061111113;0.3333333333333333
58;534158;6346508.061111113;0.38888888888888884
59;534158;6346508.061111113;0.4444444444444444
60;534158;6346508.061111113;0.5
61;534158;7615809.673333336;0
62;534158;7615809.673333336;0.05555555555555555
63;534158;7615809.673333336;0.1111111111111111
64;534158;7615809.673333336;0.16666666666666666
65;534158;7615809.673333336;0.2222222222222222
66;534158;7615809.673333336;0.2777777777777778
67;534158;7615809.673333336;0.3333333333333333
68;534158;7615809.673333336;0.38888888888888884
69;534158;7615809.673333336;0.4444444444444444
70;534158;7615809.673333336;0.5
71;534158;8885111.285555558;0
72;534158;8885111.285555558;0.05555555555555555
73;534158;8885111.285555558;0.1111111111111111
74;534158;8885111.285555558;0.16666666666666666
75;534158;8885111.285555558;0.2222222222222222
76;534158;8885111.285555558;0.2777777777777778
77;534158;8885111.285555558;0.3333333333333333
78;534158;8885111.285555558;0.38888888888888884
79;534158;8885111.285555558;0.4444444444444444
80;534158;8885111.285555558;0.5
81;534158;10154412.89777778;0
82;534158;10154412.89777778;0.05555555555555555
83;534158;10154412.89777778;0.1111111111111111
84;534158;10154412.89777778;0.16666666666666666
85;534158;10154412.89777778;0.2222222222222222
86;534158;10154412.89777778;0.2777777777777778
87;534158;10154412.89777778;0.3333333333333333
88;534158;10154412.89777778;0.38888888888888884
89;534158;10154412.89777778;0.4444444444444444
90;534158;10154412.89777778;0.5
91;534158;11423714.510000004;0
92;534158;11423714.510000004;0.05555555555555555
93;534158;11423714.510000004;0.1111111111111111
94;534158;11423714.510000004;0.16666666666666666
95;534158;11423714.510000004;0.2222222222222222
96;534158;11423714.510000004;0.2777777777777778
97;534158;11423714.510000004;0.3333333333333333
98;534158;11423714.510000004;0.38888888888888884
99;534158;11423714.510000004;0.4444444444444444
100;534158;11423714.510000004;0.5
101;518742;0;0
102;518742;0;0.05555555555555555
103;518742;0;0.1111111111111111
104;518742;0;0.16666666666666666
105;518742;0;0.2222222222222222
106;518742;0;0.2777777777777778
107;518742;0;0.3333333333333333
108;518742;0;0.38888888888888884
109;518742;0;0.4444444444444444
110;518742;0;0.5
111;518742;1269301.6122222226;0
112;518742;1269301.6122222226;0.05555555555555555
113;518742;1269301.6122222226;0.1111111111111111
114;518742;1269301.6122222226;0.16666666666666666
115;518742;1269301.6122222226;0.2222222222222222
116;518742;1269301.6122222226;0.2777777777777778
117;518742;1269301.6122222226;0.3333333333333333
118;518742;1269301.6122222226;0.38888888888888884
119;518742;1269301.6122222226;0.4444444444444444
120;518742;1269301.6122222226;0.5
121;518742;2538603.224444445;0
122;518742;2538603.224444445;0.05555555555555555
123;518742;2538603.224444445;0.1111111111111111
124;518742;2538603.224444445;0.16666666666666666
125;518742;2538603.224444445;0.2222222222222222
126;518742;2538603.224444445;0.2777777777777778
127;518742;2538603.224444445;0.3333333333333333
128;518742;2538603.224444445;0.38888888888888884
129;518742;2538603.224444445;0.4444444444444444
130;518742;2538603.224444445;0.5
131;518742;3807904.836666668;0
132;518742;3807904.836666668;0.05555555555555555
133;518742;3807904.836666668;0.1111111111111111
134;518742;3807904.836666668;0.16666666666666666
135;518742;3807904.836666668;0.2222222222222222
136;518742;3807904.836666668;0.2777777777777778
137;518742;3807904.836666668;0.3333333333333333
138;518742;3807904.836666668;0.38888888888888884
139;518742;3807904.836666668;0.4444444444444444
140;518742;3807904.836666668;0.5
141;518742;5077206.44888889;0
142;518742;5077206.44888889;0.05555555555555555
143;518742;5077206.44888889;0.1111111111111111
144;518742;5077206.44888889;0.16666666666666666
145;518742;5077206.44888889;0.2222222222222222
146;518742;5077206.44888889;0.2777777777777778
147;518742;5077206.44888889;0.3333333333333333
148;518742;5077206.44888889;0.38888888888888884
149;518742;5077206.44888889;0.4444444444444444
150;518742;5077206.44888889;0.5
151;518742;6346508.061111113;0
152;518742;6346508.061111113;0.05555555555555555
153;518742;6346508.061111113;0.1111111111111111
154;518742;6346508.061111113;0.16666666666666666
155;518742;6346508.061111113;0.2222222222222222
156;518742;6346508.061111113;0.2777777777777778
157;518742;6346508.061111113;0.3333333333333333
158;518742;6346508.061111113;0.38888888888888884
159;518742;6346508.061111113;0.4444444444444444
160;518742;6346508.061111113;0.5
161;518742;7615809.673333336;0
162;518742;7615809.673333336;0.05555555555555555
163;518742;7615809.673333336;0.1111111111111111
164;518742;7615809.673333336;0.16666666666666666
165;518742;7615809.673333336;0.2222222222222222
166;518742;7615809.673333336;0.2777777777777778
167;518742;7615809.673333336;0.3333333333333333
168;518742;7615809.673333336;0.38888888888888884
169;518742;7615809.673333336;0.4444444444444444
170;518742;7615809.673333336;0.5
171;518742;8885111.285555558;0
172;518742;8885111.285555558;0.05555555555555555
173;518742;8885111.285555558;0.1111111111111111
174;518742;8885111.285555558;0.16666666666666666
175;518742;8885111.285555558;0.2222222222222222
176;518742;8885111.285555558;0.2777777777777778
177;518742;8885111.285555558;0.3333333333333333
178;518742;8885111.285555558;0.38888888888888884
179;518742;8885111.285555558;0.4444444444444444
180;518742;8885111.285555558;0.5
181;518742;10154412.89777778;0
182;518742;10154412.89777778;0.05555555555555555
183;518742;10154412.89777778;0.1111111111111111
184;518742;10154412.89777778;0.16666666666666666
185;518742;10154412.89777778;0.2222222222222222
186;518742;10154412.89777778;0.2777777777777778
187;518742;10154412.89777778;0.3333333333333333
188;518742;10154412.89777778;0.38888888888888884
189;518742;10154412.89777778;0.4444444444444444
190;518742;10154412.89777778;0.5
191;518742;11423714.510000004;0
192;518742;11423714.510000004;0.05555555555555555
193;518742;11423714.510000004;0.1111111111111111
194;518742;11423714.510000004;0.16666666666666666
195;518742;11423714.510000004;0.2222222222222222
196;518742;11423714.510000004;0.2777777777777778
197;518742;11423714.510000004;0.3333333333333333
198;518742;11423714.510000004;0.38888888888888884
199;518742;11423714.510000004;0.4444444444444444
200;518742;11423714.510000004;0.5
201;503326;0;0
202;503326;0;0.05555555555555555
203;503326;0;0.1111111111111111
204;503326;0;0.16666666666666666
205;503326;0;0.2222222222222222
206;503326;0;0.2777777777777778
207;503326;0;0.3333333333333333
208;503326;0;0.38888888888888884
209;503326;0;0.4444444444444444
210;503326;0;0.5
211;503326;1269301.6122222226;0
212;503326;1269301.6122222226;0.05555555555555555
213;503326;1269301.6122222226;0.1111111111111111
214;503326;1269301.6122222226;0.16666666666666666
215;503326;1269301.6122222226;0.2222222222222222
216;503326;1269301.6122222226;0.2777777777777778
217;503326;1269301.6122222226;0.3333333333333333
218;503326;1269301.6122222226;0.38888888888888884
219;503326;1269301.6122222226;0.4444444444444444
220;503326;1269301.6122222226;0.5
221;503326;2538603.224444445;0
222;503326;2538603.224444445;0.05555555555555555
223;503326;2538603.224444445;0.1111111111111111
224;503326;2538603.224444445;0.16666666666666666
225;503326;2538603.224444445;0.2222222222222222
226;503326;2538603.224444445;0.2777777777777778
227;503326;2538603.224444445;0.3333333333333333
228;503326;2538603.224444445;0.38888888888888884
229;503326;2538603.224444445;0.4444444444444444
230;503326;2538603.224444445;0.5
231;503326;3807904.836666668;0
232;503326;3807904.836666668;0.05555555555555555
233;503326;3807904.836666668;0.1111111111111111
234;503326;3807904.836666668;0.16666666666666666
235;503326;3807904.836666668;0.2222222222222222
236;503326;3807904.836666668;0.2777777777777778
237;503326;3807904.836666668;0.3333333333333333
238;503326;3807904.836666668;0.38888888888888884
239;503326;3807904.836666668;0.4444444444444444
240;503326;3807904.836666668;0.5
241;503326;5077206.44888889;0
242;503326;5077206.44888889;0.05555555555555555
243;503326;5077206.44888889;0.1111111111111111
244;503326;5077206.44888889;0.16666666666666666
245;503326;5077206.44888889;0.2222222222222222
246;503326;5077206.44888889;0.2777777777777778
247;503326;5077206.44888889;0.3333333333333333
248;503326;5077206.44888889;0.38888888888888884
249;503326;5077206.44888889;0.4444444444444444
250;503326;5077206.44888889;0.5
251;503326;6346508.061111113;0
252;503326;6346508.061111113;0.05555555555555555
253;503326;6346508.061111113;0.1111111111111111
254;503326;6346508.061111113;0.16666666666666666
255;503326;6346508.061111113;0.2222222222222222
256;503326;6346508.061111113;0.2777777777777778
257;503326;6346508.061111113;0.3333333333333333
258;503326;6346508.061111113;0.38888888888888884
259;503326;6346508.061111113;0.4444444444444444
260;503326;6346508.061111113;0.5
261;503326;7615809.673333336;0
262;503326;7615809.673333336;0.05555555555555555
263;503326;7615809.673333336;0.1111111111111111
264;503326;7615809.673333336;0.16666666666666666
265;503326;7615809.673333336;0.2222222222222222
266;503326;7615809.673333336;0.2777777777777778
267;503326;7615809.673333336;0.3333333333333333
268;503326;7615809.673333336;0.38888888888888884
269;503326;7615809.673333336;0.4444444444444444
270;503326;7615809.673333336;0.5
271;503326;8885111.285555558;0
272;503326;8885111.285555558;0.05555555555555555
273;503326;8885111.285555558;0.1111111111111111
274;503326;8885111.285555558;0.16666666666666666
275;503326;8885111.285555558;0.2222222222222222
276;503326;8885111.285555558;0.2777777777777778
277;503326;8885111.285555558;0.3333333333333333
278;503326;8885111.285555558;0.38888888888888884
279;503326;8885111.285555558;0.4444444444444444
280;503326;8885111.285555558;0.5
281;503326;10154412.89777778;0
282;503326;10154412.89777778;0.05555555555555555
283;503326;10154412.89777778;0.1111111111111111
284;503326;10154412.89777778;0.16666666666666666
285;503326;10154412.89777778;0.2222222222222222
286;503326;10154412.89777778;0.2777777777777778
287;503326;10154412.89777778;0.3333333333333333
288;503326;10154412.89777778;0.38888888888888884
289;503326;10154412.89777778;0.4444444444444444
290;503326;10154412.89777778;0.5
291;503326;11423714.510000004;0
292;503326;11423714.510000004;0.05555555555555555
293;503326;11423714.510000004;0.1111111111111111
294;503326;11423714.510000004;0.16666666666666666
295;503326;11423714.510000004;0.2222222222222222
296;503326;11423714.510000004;0.2777777777777778
297;503326;11423714.510000004;0.3333333333333333
298;503326;11423714.510000004;0.38888888888888884
299;503326;11423714.510000004;0.4444444444444444
300;503326;11423714.510000004;0.5
301;487910;0;0
302;487910;0;0.05555555555555555
303;487910;0;0.1111111111111111
304;487910;0;0.16666666666666666
305;487910;0;0.2222222222222222
306;487910;0;0.2777777777777778
307;487910;0;0.3333333333333333
308;487910;0;0.38888888888888884
309;487910;0;0.4444444444444444
310;487910;0;0.5
311;487910;1269301.6122222226;0
312;487910;1269301.6122222226;0.05555555555555555
313;487910;1269301.6122222226;0.1111111111111111
314;487910;1269301.6122222226;0.16666666666666666
315;487910;1269301.6122222226;0.2222222222222222
316;487910;1269301.6122222226;0.2777777777777778
317;487910;1269301.6122222226;0.3333333333333333
318;487910;1269301.6122222226;0.38888888888888884
319;487910;1269301.6122222226;0.4444444444444444
320;487910;1269301.6122222226;0.5
321;487910;2538603.224444445;0
322;487910;2538603.224444445;0.05555555555555555
323;487910;2538603.224444445;0.1111111111111111
324;487910;2538603.224444445;0.16666666666666666
325;487910;2538603.224444445;0.2222222222222222
326;487910;2538603.224444445;0.2777777777777778
327;487910;2538603.224444445;0.3333333333333333
328;487910;2538603.224444445;0.38888888888888884
329;487910;2538603.224444445;0.4444444444444444
330;487910;2538603.224444445;0.5
331;487910;3807904.836666668;0
332;487910;3807904.836666668;0.05555555555555555
333;487910;3807904.836666668;0.1111111111111111
334;487910;3807904.836666668;0.16666666666666666
335;487910;3807904.836666668;0.2222222222222222
336;487910;3807904.836666668;0.2777777777777778
337;487910;3807904.836666668;0.3333333333333333
338;487910;3807904.836666668;0.38888888888888884
339;487910;3807904.836666668;0.4444444444444444
340;487910;3807904.836666668;0.5
341;487910;5077206.44888889;0
342;487910;5077206.44888889;0.05555555555555555
343;487910;5077206.44888889;0.1111111111111111
344;487910;5077206.44888889;0.16666666666666666
345;487910;5077206.44888889;0.2222222222222222
346;487910;5077206.44888889;0.2777777777777778
347;487910;5077206.44888889;0.3333333333333333
348;487910;5077206.44888889;0.38888888888888884
349;487910;5077206.44888889;0.4444444444444444
350;487910;5077206.44888889;0.5
351;487910;6346508.061111113;0
352;487910;6346508.061111113;0.05555555555555555
353;487910;6346508.061111113;0.1111111111111111
354;487910;6346508.061111113;0.16666666666666666
355;487910;6346508.061111113;0.2222222222222222
356;487910;6346508.061111113;0.2777777777777778
357;487910;6346508.061111113;0.3333333333333333
358;487910;6346508.061111113;0.38888888888888884
359;487910;6346508.061111113;0.4444444444444444
360;487910;6346508.061111113;0.5
361;487910;7615809.673333336;0
362;487910;7615809.673333336;0.05555555555555555
363;487910;7615809.673333336;0.1111111111111111
364;487910;7615809.673333336;0.16666666666666666
365;487910;7615809.673333336;0.2222222222222222
366;487910;7615809.673333336;0.2777777777777778
367;487910;7615809.673333336;0.3333333333333333
368;487910;7615809.673333336;0.38888888888888884
369;487910;7615809.673333336;0.4444444444444444
370;487910;7615809.673333336;0.5
371;487910;8885111.285555558;0
372;487910;8885111.285555558;0.05555555555555555
373;487910;8885111.285555558;0.1111111111111111
374;487910;8885111.285555558;0.16666666666666666
375;487910;8885111.285555558;0.2222222222222222
376;487910;8885111.285555558;0.2777777777777778
377;487910;8885111.285555558;0.3333333333333333
378;487910;8885111.285555558;0.38888888888888884
379;487910;8885111.285555558;0.4444444444444444
380;487910;8885111.285555558;0.5
381;487910;10154412.89777778;0
382;487910;10154412.89777778;0.05555555555555555
383;487910;10154412.89777778;0.1111111111111111
384;487910;10154412.89777778;0.16666666666666666
385;487910;10154412.89777778;0.2222222222222222
386;487910;10154412.89777778;0.2777777777777778
387;487910;10154412.89777778;0.3333333333333333
388;487910;10154412.89777778;0.38888888888888884
389;487910;10154412.89777778;0.4444444444444444
390;487910;10154412.89777778;0.5
391;487910;11423714.510000004;0
392;487910;11423714.510000004;0.05555555555555555
393;487910;11423714.510000004;0.1111111111111111
394;487910;11423714.510000004;0.16666666666666666
395;487910;11423714.510000004;0.2222222222222222
396;487910;11423714.510000004;0.2777777777777778
397;487910;11423714.510000004;0.3333333333333333
398;487910;11423714.510000004;0.38888888888888884
399;487910;11423714.510000004;0.4444444444444444
400;487910;11423714.510000004;0.5
401;472494;0;0
402;472494;0;0.05555555555555555
403;472494;0;0.1111111111111111
404;472494;0;0.16666666666666666
405;472494;0;0.2222222222222222
406;472494;0;0.2777777777777778
407;472494;0;0.3333333333333333
408;472494;0;0.38888888888888884
409;472494;0;0.4444444444444444
410;472494;0;0.5
411;472494;1269301.6122222226;0
412;472494;1269301.6122222226;0.05555555555555555
413;472494;1269301.6122222226;0.1111111111111111
414;472494;1269301.6122222226;0.16666666666666666
415;472494;1269301.6122222226;0.2222222222222222
416;472494;1269301.6122222226;0.2777777777777778
417;472494;1269301.6122222226;0.3333333333333333
418;472494;1269301.6122222226;0.38888888888888884
419;472494;1269301.6122222226;0.4444444444444444
420;472494;1269301.6122222226;0.5
421;472494;2538603.224444445;0
422;472494;2538603.224444445;0.05555555555555555
423;472494;2538603.224444445;0.1111111111111111
424;472494;2538603.224444445;0.16666666666666666
425;472494;2538603.224444445;0.2222222222222222
426;472494;2538603.224444445;0.2777777777777778
427;472494;2538603.224444445;0.3333333333333333
428;472494;2538603.224444445;0.38888888888888884
429;472494;2538603.224444445;0.4444444444444444
430;472494;2538603.224444445;0.5
431;472494;3807904.836666668;0
432;472494;3807904.836666668;0.05555555555555555
433;472494;3807904.836666668;0.1111111111111111
434;472494;3807904.836666668;0.16666666666666666
435;472494;3807904.836666668;0.2222222222222222
436;472494;3807904.836666668;0.2777777777777778
437;472494;3807904.836666668;0.3333333333333333
438;472494;3807904.836666668;0.38888888888888884
439;472494;3807904.836666668;0.4444444444444444
440;472494;3807904.836666668;0.5
441;472494;5077206.44888889;0
442;472494;5077206.44888889;0.05555555555555555
443;472494;5077206.44888889;0.1111111111111111
444;472494;5077206.44888889;0.16666666666666666
445;472494;5077206.44888889;0.2222222222222222
446;472494;5077206.44888889;0.2777777777777778
447;472494;5077206.44888889;0.3333333333333333
448;472494;5077206.44888889;0.38888888888888884
449;472494;5077206.44888889;0.4444444444444444
450;472494;5077206.44888889;0.5
451;472494;6346508.061111113;0
452;472494;6346508.061111113;0.05555555555555555
453;472494;6346508.061111113;0.1111111111111111
454;472494;6346508.061111113;0.16666666666666666
455;472494;6346508.061111113;0.2222222222222222
456;472494;6346508.061111113;0.2777777777777778
457;472494;6346508.061111113;0.3333333333333333
458;472494;6346508.061111113;0.38888888888888884
459;472494;6346508.061111113;0.4444444444444444
460;472494;6346508.061111113;0.5
461;472494;7615809.673333336;0
462;472494;7615809.673333336;0.05555555555555555
463;472494;7615809.673333336;0.1111111111111111
464;472494;7615809.673333336;0.16666666666666666
465;472494;7615809.673333336;0.2222222222222222
466;472494;7615809.673333336;0.2777777777777778
467;472494;7615809.673333336;0.3333333333333333
468;472494;7615809.673333336;0.38888888888888884
469;472494;7615809.673333336;0.4444444444444444
470;472494;7615809.673333336;0.5
471;472494;8885111.285555558;0
472;472494;8885111.285555558;0.05555555555555555
473;472494;8885111.285555558;0.1111111111111111
474;472494;8885111.285555558;0.16666666666666666
475;472494;8885111.285555558;0.2222222222222222
476;472494;8885111.285555558;0.2777777777777778
477;472494;8885111.285555558;0.3333333333333333
478;472494;8885111.285555558;0.38888888888888884
479;472494;8885111.285555558;0.4444444444444444
480;472494;8885111.285555558;0.5
481;472494;10154412.89777778;0
482;472494;10154412.89777778;0.05555555555555555
483;472494;10154412.89777778;0.1111111111111111
484;472494;10154412.89777778;0.16666666666666666
485;472494;10154412.89777778;0.2222222222222222
486;472494;10154412.89777778;0.2777777777777778
487;472494;10154412.89777778;0.3333333333333333
488;472494;10154412.89777778;0.38888888888888884
489;472494;10154412.89777778;0.4444444444444444
490;472494;10154412.89777778;0.5
491;472494;11423714.510000004;0
492;472494;11423714.510000004;0.05555555555555555
493;472494;11423714.510000004;0.1111111111111111
494;472494;11423714.510000004;0.16666666666666666
495;472494;11423714.510000004;0.2222222222222222
496;472494;11423714.510000004;0.2777777777777778
497;472494;11423714.510000004;0.3333333333333333
498;472494;11423714.510000004;0.38888888888888884
499;472494;11423714.510000004;0.4444444444444444
500;472494;11423714.510000004;0.5
501;457078;0;0
502;457078;0;0.05555555555555555
503;457078;0;0.1111111111111111
504;457078;0;0.16666666666666666
505;457078;0;0.2222222222222222
506;457078;0;0.2777777777777778
507;457078;0;0.3333333333333333
508;457078;0;0.38888888888888884
509;457078;0;0.4444444444444444
510;457078;0;0.5
511;457078;1269301.6122222226;0
512;457078;1269301.6122222226;0.05555555555555555
513;457078;1269301.6122222226;0.1111111111111111
514;457078;1269301.6122222226;0.16666666666666666
515;457078;1269301.6122222226;0.2222222222222222
516;457078;1269301.6122222226;0.2777777777777778
517;457078;1269301.6122222226;0.3333333333333333
518;457078;1269301.6122222226;0.38888888888888884
519;457078;1269301.6122222226;0.4444444444444444
520;457078;1269301.6122222226;0.5
521;457078;2538603.224444445;0
522;457078;2538603.224444445;0.05555555555555555
523;457078;2538603.224444445;0.1111111111111111
524;457078;2538603.224444445;0.16666666666666666
525;457078;2538603.224444445;0.2222222222222222
526;457078;2538603.224444445;0.2777777777777778
527;457078;2538603.224444445;0.3333333333333333
528;457078;2538603.224444445;0.38888888888888884
529;457078;2538603.224444445;0.4444444444444444
530;457078;2538603.224444445;0.5
531;457078;3807904.836666668;0
532;457078;3807904.836666668;0.05555555555555555
533;457078;3807904.836666668;0.1111111111111111
534;457078;3807904.836666668;0.16666666666666666
535;457078;3807904.836666668;0.2222222222222222
536;457078;3807904.836666668;0.2777777777777778
537;457078;3807904.836666668;0.3333333333333333
538;457078;3807904.836666668;0.38888888888888884
539;457078;3807904.836666668;0.4444444444444444
540;457078;3807904.836666668;0.5
541;457078;5077206.44888889;0
542;457078;5077206.44888889;0.05555555555555555
543;457078;5077206.44888889;0.1111111111111111
544;457078;5077206.44888889;0.16666666666666666
545;457078;5077206.44888889;0.2222222222222222
546;457078;5077206.44888889;0.2777777777777778
547;457078;5077206.44888889;0.3333333333333333
548;457078;5077206.44888889;0.38888888888888884
549;457078;5077206.44888889;0.4444444444444444
550;457078;5077206.44888889;0.5
551;457078;6346508.061111113;0
552;457078;6346508.061111113;0.05555555555555555
553;457078;6346508.061111113;0.1111111111111111
554;457078;6346508.061111113;0.16666666666666666
555;457078;6346508.061111113;0.2222222222222222
556;457078;6346508.061111113;0.2777777777777778
557;457078;6346508.061111113;0.3333333333333333
558;457078;6346508.061111113;0.38888888888888884
559;457078;6346508.061111113;0.4444444444444444
560;457078;6346508.061111113;0.5
561;457078;7615809.673333336;0
562;457078;7615809.673333336;0.05555555555555555
563;457078;7615809.673333336;0.1111111111111111
564;457078;7615809.673333336;0.16666666666666666
565;457078;7615809.673333336;0.2222222222222222
566;457078;7615809.673333336;0.2777777777777778
567;457078;7615809.673333336;0.3333333333333333
568;457078;7615809.673333336;0.38888888888888884
569;457078;7615809.673333336;0.4444444444444444
570;457078;7615809.673333336;0.5
571;457078;8885111.285555558;0
572;457078;8885111.285555558;0.05555555555555555
573;457078;8885111.285555558;0.1111111111111111
574;457078;8885111.285555558;0.16666666666666666
575;457078;8885111.285555558;0.2222222222222222
576;457078;8885111.285555558;0.2777777777777778
577;457078;8885111.285555558;0.3333333333333333
578;457078;8885111.285555558;0.38888888888888884
579;457078;8885111.285555558;0.4444444444444444
580;457078;8885111.285555558;0.5
581;457078;10154412.89777778;0
582;457078;10154412.89777778;0.05555555555555555
583;457078;10154412.89777778;0.1111111111111111
584;457078;10154412.89777778;0.16666666666666666
585;457078;10154412.89777778;0.2222222222222222
586;457078;10154412.89777778;0.2777777777777778
587;457078;10154412.89777778;0.3333333333333333
588;457078;10154412.89777778;0.38888888888888884
589;457078;10154412.89777778;0.4444444444444444
590;457078;10154412.89777778;0.5
591;457078;11423714.510000004;0
592;457078;11423714.510000004;0.05555555555555555
593;457078;11423714.510000004;0.1111111111111111
594;457078;11423714.510000004;0.16666666666666666
595;457078;11423714.510000004;0.2222222222222222
596;457078;11423714.510000004;0.2777777777777778
597;457078;11423714.510000004;0.3333333333333333
598;457078;11423714.510000004;0.38888888888888884
599;457078;11423714.510000004;0.4444444444444444
600;457078;11423714.510000004;0.5
601;441662;0;0
602;441662;0;0.05555555555555555
603;441662;0;0.1111111111111111
604;441662;0;0.16666666666666666
605;441662;0;0.2222222222222222
606;441662;0;0.2777777777777778
607;441662;0;0.3333333333333333
608;441662;0;0.38888888888888884
609;441662;0;0.4444444444444444
610;441662;0;0.5
611;441662;1269301.6122222226;0
612;441662;1269301.6122222226;0.05555555555555555
613;441662;1269301.6122222226;0.1111111111111111
614;441662;1269301.6122222226;0.16666666666666666
615;441662;1269301.6122222226;0.2222222222222222
616;441662;1269301.6122222226;0.2777777777777778
617;441662;1269301.6122222226;0.3333333333333333
618;441662;1269301.6122222226;0.38888888888888884
619;441662;1269301.6122222226;0.4444444444444444
620;441662;1269301.6122222226;0.5
621;441662;2538603.224444445;0
622;441662;2538603.224444445;0.05555555555555555
623;441662;2538603.224444445;0.1111111111111111
624;441662;2538603.224444445;0.16666666666666666
625;441662;2538603.224444445;0.2222222222222222
626;441662;2538603.224444445;0.2777777777777778
627;441662;2538603.224444445;0.3333333333333333
628;441662;2538603.224444445;0.38888888888888884
629;441662;2538603.224444445;0.4444444444444444
630;441662;2538603.224444445;0.5
631;441662;3807904.836666668;0
632;441662;3807904.836666668;0.05555555555555555
633;441662;3807904.836666668;0.1111111111111111
634;441662;3807904.836666668;0.16666666666666666
635;441662;3807904.836666668;0.2222222222222222
636;441662;3807904.836666668;0.2777777777777778
637;441662;3807904.836666668;0.3333333333333333
638;441662;3807904.836666668;0.38888888888888884
639;441662;3807904.836666668;0.4444444444444444
640;441662;3807904.836666668;0.5
641;441662;5077206.44888889;0
642;441662;5077206.44888889;0.05555555555555555
643;441662;5077206.44888889;0.1111111111111111
644;441662;5077206.44888889;0.16666666666666666
645;441662;5077206.44888889;0.2222222222222222
646;441662;5077206.44888889;0.2777777777777778
647;441662;5077206.44888889;0.3333333333333333
648;441662;5077206.44888889;0.38888888888888884
649;441662;5077206.44888889;0.4444444444444444
650;441662;5077206.44888889;0.5
651;441662;6346508.061111113;0
652;441662;6346508.061111113;0.05555555555555555
653;441662;6346508.061111113;0.1111111111111111
654;441662;6346508.061111113;0.16666666666666666
655;441662;6346508.061111113;0.2222222222222222
656;441662;6346508.061111113;0.2777777777777778
657;441662;6346508.061111113;0.3333333333333333
658;441662;6346508.061111113;0.38888888888888884
659;441662;6346508.061111113;0.4444444444444444
660;441662;6346508.061111113;0.5
661;441662;7615809.673333336;0
662;441662;7615809.673333336;0.05555555555555555
663;441662;7615809.673333336;0.1111111111111111
664;441662;7615809.673333336;0.16666666666666666
665;441662;7615809.673333336;0.2222222222222222
666;441662;7615809.673333336;0.2777777777777778
667;441662;7615809.673333336;0.3333333333333333
668;441662;7615809.673333336;0.38888888888888884
669;441662;7615809.673333336;0.4444444444444444
670;441662;7615809.673333336;0.5
671;441662;8885111.285555558;0
672;441662;8885111.285555558;0.05555555555555555
673;441662;8885111.285555558;0.1111111111111111
674;441662;8885111.285555558;0.16666666666666666
675;441662;8885111.285555558;0.2222222222222222
676;441662;8885111.285555558;0.2777777777777778
677;441662;8885111.285555558;0.3333333333333333
678;441662;8885111.285555558;0.38888888888888884
679;441662;8885111.285555558;0.4444444444444444
680;441662;8885111.285555558;0.5
681;441662;10154412.89777778;0
682;441662;10154412.89777778;0.05555555555555555
683;441662;10154412.89777778;0.1111111111111111
684;441662;10154412.89777778;0.16666666666666666
685;441662;10154412.89777778;0.2222222222222222
686;441662;10154412.89777778;0.2777777777777778
687;441662;10154412.89777778;0.3333333333333333
688;441662;10154412.89777778;0.38888888888888884
689;441662;10154412.89777778;0.4444444444444444
690;441662;10154412.89777778;0.5
691;441662;11423714.510000004;0
692;441662;11423714.510000004;0.05555555555555555
693;441662;11423714.510000004;0.1111111111111111
694;441662;11423714.510000004;0.16666666666666666
695;441662;11423714.510000004;0.2222222222222222
696;441662;11423714.510000004;0.2777777777777778
697;441662;11423714.510000004;0.3333333333333333
698;441662;11423714.510000004;0.38888888888888884
699;441662;11423714.510000004;0.4444444444444444
700;441662;11423714.510000004;0.5
701;426246;0;0
702;426246;0;0.05555555555555555
703;426246;0;0.1111111111111111
704;426246;0;0.16666666666666666
705;426246;0;0.2222222222222222
706;426246;0;0.2777777777777778
707;426246;0;0.3333333333333333
708;426246;0;0.38888888888888884
709;426246;0;0.4444444444444444
710;426246;0;0.5
711;426246;1269301.6122222226;0
712;426246;1269301.6122222226;0.05555555555555555
713;426246;1269301.6122222226;0.1111111111111111
714;426246;1269301.6122222226;0.16666666666666666
715;426246;1269301.6122222226;0.2222222222222222
716;426246;1269301.6122222226;0.2777777777777778
717;426246;1269301.6122222226;0.3333333333333333
718;426246;1269301.6122222226;0.38888888888888884
719;426246;1269301.6122222226;0.4444444444444444
720;426246;1269301.6122222226;0.5
721;426246;2538603.224444445;0
722;426246;2538603.224444445;0.05555555555555555
723;426246;2538603.224444445;0.1111111111111111
724;426246;2538603.224444445;0.16666666666666666
725;426246;2538603.224444445;0.2222222222222222
726;426246;2538603.224444445;0.2777777777777778
727;426246;2538603.224444445;0.3333333333333333
728;426246;2538603.224444445;0.38888888888888884
729;426246;2538603.224444445;0.4444444444444444
730;426246;2538603.224444445;0.5
731;426246;3807904.836666668;0
732;426246;3807904.836666668;0.05555555555555555
733;426246;3807904.836666668;0.1111111111111111
734;426246;3807904.836666668;0.16666666666666666
735;426246;3807904.836666668;0.2222222222222222
736;426246;3807904.836666668;0.2777777777777778
737;426246;3807904.836666668;0.3333333333333333
738;426246;3807904.836666668;0.38888888888888884
739;426246;3807904.836666668;0.4444444444444444
740;426246;3807904.836666668;0.5
741;426246;5077206.44888889;0
742;426246;5077206.44888889;0.05555555555555555
743;426246;5077206.44888889;0.1111111111111111
744;426246;5077206.44888889;0.16666666666666666
745;426246;5077206.44888889;0.2222222222222222
746;426246;5077206.44888889;0.2777777777777778
747;426246;5077206.44888889;0.3333333333333333
748;426246;5077206.44888889;0.38888888888888884
749;426246;5077206.44888889;0.4444444444444444
750;426246;5077206.44888889;0.5
751;426246;6346508.061111113;0
752;426246;6346508.061111113;0.05555555555555555
753;426246;6346508.061111113;0.1111111111111111
754;426246;6346508.061111113;0.16666666666666666
755;426246;6346508.061111113;0.2222222222222222
756;426246;6346508.061111113;0.2777777777777778
757;426246;6346508.061111113;0.3333333333333333
758;426246;6346508.061111113;0.38888888888888884
759;426246;6346508.061111113;0.4444444444444444
760;426246;6346508.061111113;0.5
761;426246;7615809.673333336;0
762;426246;7615809.673333336;0.05555555555555555
763;426246;7615809.673333336;0.1111111111111111
764;426246;7615809.673333336;0.16666666666666666
765;426246;7615809.673333336;0.2222222222222222
766;426246;7615809.673333336;0.2777777777777778
767;426246;7615809.673333336;0.3333333333333333
768;426246;7615809.673333336;0.38888888888888884
769;426246;7615809.673333336;0.4444444444444444
770;426246;7615809.673333336;0.5
771;426246;8885111.285555558;0
772;426246;8885111.285555558;0.05555555555555555
773;426246;8885111.285555558;0.1111111111111111
774;426246;8885111.285555558;0.16666666666666666
775;426246;8885111.285555558;0.2222222222222222
776;426246;8885111.285555558;0.2777777777777778
777;426246;8885111.285555558;0.3333333333333333
778;426246;8885111.285555558;0.38888888888888884
779;426246;8885111.285555558;0.4444444444444444
780;426246;8885111.285555558;0.5
781;426246;10154412.89777778;0
782;426246;10154412.89777778;0.05555555555555555
783;426246;10154412.89777778;0.1111111111111111
784;426246;10154412.89777778;0.16666666666666666
785;426246;10154412.89777778;0.2222222222222222
786;426246;10154412.89777778;0.2777777777777778
787;426246;10154412.89777778;0.3333333333333333
788;426246;10154412.89777778;0.38888888888888884
789;426246;10154412.89777778;0.4444444444444444
790;426246;10154412.89777778;0.5
791;426246;11423714.510000004;0
792;426246;11423714.510000004;0.05555555555555555
793;426246;11423714.510000004;0.1111111111111111
794;426246;11423714.510000004;0.16666666666666666
795;426246;11423714.510000004;0.2222222222222222
796;426246;11423714.510000004;0.2777777777777778
797;426246;11423714.510000004;0.3333333333333333
798;426246;11423714.510000004;0.38888888888888884
799;426246;11423714.510000004;0.4444444444444444
800;426246;11423714.510000004;0.5
801;410830;0;0
802;410830;0;0.05555555555555555
803;410830;0;0.1111111111111111
804;410830;0;0.16666666666666666
805;410830;0;0.2222222222222222
806;410830;0;0.2777777777777778
807;410830;0;0.3333333333333333
808;410830;0;0.38888888888888884
809;410830;0;0.4444444444444444
810;410830;0;0.5
811;410830;1269301.6122222226;0
812;410830;1269301.6122222226;0.05555555555555555
813;410830;1269301.6122222226;0.1111111111111111
814;410830;1269301.6122222226;0.16666666666666666
815;410830;1269301.6122222226;0.2222222222222222
816;410830;1269301.6122222226;0.2777777777777778
817;410830;1269301.6122222226;0.3333333333333333
818;410830;1269301.6122222226;0.38888888888888884
819;410830;1269301.6122222226;0.4444444444444444
820;410830;1269301.6122222226;0.5
821;410830;2538603.224444445;0
822;410830;2538603.224444445;0.05555555555555555
823;410830;2538603.224444445;0.1111111111111111
824;410830;2538603.224444445;0.16666666666666666
825;410830;2538603.224444445;0.2222222222222222
826;410830;2538603.224444445;0.2777777777777778
827;410830;2538603.224444445;0.3333333333333333
828;410830;2538603.224444445;0.38888888888888884
829;410830;2538603.224444445;0.4444444444444444
830;410830;2538603.224444445;0.5
831;410830;3807904.836666668;0
832;410830;3807904.836666668;0.05555555555555555
833;410830;3807904.836666668;0.1111111111111111
834;410830;3807904.836666668;0.16666666666666666
835;410830;3807904.836666668;0.2222222222222222
836;410830;3807904.836666668;0.2777777777777778
837;410830;3807904.836666668;0.3333333333333333
838;410830;3807904.836666668;0.38888888888888884
839;410830;3807904.836666668;0.4444444444444444
840;410830;3807904.836666668;0.5
841;410830;5077206.44888889;0
842;410830;5077206.44888889;0.05555555555555555
843;410830;5077206.44888889;0.1111111111111111
844;410830;5077206.44888889;0.16666666666666666
845;410830;5077206.44888889;0.2222222222222222
846;410830;5077206.44888889;0.2777777777777778
847;410830;5077206.44888889;0.3333333333333333
848;410830;5077206.44888889;0.38888888888888884
849;410830;5077206.44888889;0.4444444444444444
850;410830;5077206.44888889;0.5
851;410830;6346508.061111113;0
852;410830;6346508.061111113;0.05555555555555555
853;410830;6346508.061111113;0.1111111111111111
854;410830;6346508.061111113;0.16666666666666666
855;410830;6346508.061111113;0.2222222222222222
856;410830;6346508.061111113;0.2777777777777778
857;410830;6346508.061111113;0.3333333333333333
858;410830;6346508.061111113;0.38888888888888884
859;410830;6346508.061111113;0.4444444444444444
860;410830;6346508.061111113;0.5
861;410830;7615809.673333336;0
862;410830;7615809.673333336;0.05555555555555555
863;410830;7615809.673333336;0.1111111111111111
864;410830;7615809.673333336;0.16666666666666666
865;410830;7615809.673333336;0.2222222222222222
866;410830;7615809.673333336;0.2777777777777778
867;410830;7615809.673333336;0.3333333333333333
868;410830;7615809.673333336;0.38888888888888884
869;410830;7615809.673333336;0.4444444444444444
870;410830;7615809.673333336;0.5
871;410830;8885111.285555558;0
872;410830;8885111.285555558;0.05555555555555555
873;410830;8885111.285555558;0.1111111111111111
874;410830;8885111.285555558;0.16666666666666666
875;410830;8885111.285555558;0.2222222222222222
876;410830;8885111.285555558;0.2777777777777778
877;410830;8885111.285555558;0.3333333333333333
878;410830;8885111.285555558;0.38888888888888884
879;410830;8885111.285555558;0.4444444444444444
880;410830;8885111.285555558;0.5
881;410830;10154412.89777778;0
882;410830;10154412.89777778;0.05555555555555555
883;410830;10154412.89777778;0.1111111111111111
884;410830;10154412.89777778;0.16666666666666666
885;410830;10154412.89777778;0.2222222222222222
886;410830;10154412.89777778;0.2777777777777778
887;410830;10154412.89777778;0.3333333333333333
888;410830;10154412.89777778;0.38888888888888884
889;410830;10154412.89777778;0.4444444444444444
890;410830;10154412.89777778;0.5
891;410830;11423714.510000004;0
892;410830;11423714.510000004;0.05555555555555555
893;410830;11423714.510000004;0.1111111111111111
894;410830;11423714.510000004;0.16666666666666666
895;410830;11423714.510000004;0.2222222222222222
896;410830;11423714.510000004;0.2777777777777778
897;410830;11423714.510000004;0.3333333333333333
898;410830;11423714.510000004;0.38888888888888884
899;410830;11423714.510000004;0.4444444444444444
900;410830;11423714.510000004;0.5
901;395414;0;0
902;395414;0;0.05555555555555555
903;395414;0;0.1111111111111111
904;395414;0;0.16666666666666666
905;395414;0;0.2222222222222222
906;395414;0;0.2777777777777778
907;395414;0;0.3333333333333333
908;395414;0;0.38888888888888884
909;395414;0;0.4444444444444444
910;395414;0;0.5
911;395414;1269301.6122222226;0
912;395414;1269301.6122222226;0.05555555555555555
913;395414;1269301.6122222226;0.1111111111111111
914;395414;1269301.6122222226;0.16666666666666666
915;395414;1269301.6122222226;0.2222222222222222
916;395414;1269301.6122222226;0.2777777777777778
917;395414;1269301.6122222226;0.3333333333333333
918;395414;1269301.6122222226;0.38888888888888884
919;395414;1269301.6122222226;0.4444444444444444
920;395414;1269301.6122222226;0.5
921;395414;2538603.224444445;0
922;395414;2538603.224444445;0.05555555555555555
923;395414;2538603.224444445;0.1111111111111111
924;395414;2538603.224444445;0.16666666666666666
925;395414;2538603.224444445;0.2222222222222222
926;395414;2538603.224444445;0.2777777777777778
927;395414;2538603.224444445;0.3333333333333333
928;395414;2538603.224444445;0.38888888888888884
929;395414;2538603.224444445;0.4444444444444444
930;395414;2538603.224444445;0.5
931;395414;3807904.836666668;0
932;395414;3807904.836666668;0.05555555555555555
933;395414;3807904.836666668;0.1111111111111111
934;395414;3807904.836666668;0.16666666666666666
935;395414;3807904.836666668;0.2222222222222222
936;395414;3807904.836666668;0.2777777777777778
937;395414;3807904.836666668;0.3333333333333333
938;395414;3807904.836666668;0.38888888888888884
939;395414;3807904.836666668;0.4444444444444444
940;395414;3807904.836666668;0.5
941;395414;5077206.44888889;0
942;395414;5077206.44888889;0.05555555555555555
943;395414;5077206.44888889;0.1111111111111111
944;395414;5077206.44888889;0.16666666666666666
945;395414;5077206.44888889;0.2222222222222222
946;395414;5077206.44888889;0.2777777777777778
947;395414;5077206.44888889;0.3333333333333333
948;395414;5077206.44888889;0.38888888888888884
949;395414;5077206.44888889;0.4444444444444444
950;395414;5077206.44888889;0.5
951;395414;6346508.061111113;0
952;395414;6346508.061111113;0.05555555555555555
953;395414;6346508.061111113;0.1111111111111111
954;395414;6346508.061111113;0.16666666666666666
955;395414;6346508.061111113;0.2222222222222222
956;395414;6346508.061111113;0.2777777777777778
957;395414;6346508.061111113;0.3333333333333333
958;395414;6346508.061111113;0.38888888888888884
959;395414;6346508.061111113;0.4444444444444444
960;395414;6346508.061111113;0.5
961;395414;7615809.673333336;0
962;395414;7615809.673333336;0.05555555555555555
963;395414;7615809.673333336;0.1111111111111111
964;395414;7615809.673333336;0.16666666666666666
965;395414;7615809.673333336;0.2222222222222222
966;395414;7615809.673333336;0.2777777777777778
967;395414;7615809.673333336;0.3333333333333333
968;395414;7615809.673333336;0.38888888888888884
969;395414;7615809.673333336;0.4444444444444444
970;395414;7615809.673333336;0.5
971;395414;8885111.285555558;0
972;395414;8885111.285555558;0.05555555555555555
973;395414;8885111.285555558;0.1111111111111111
974;395414;8885111.285555558;0.16666666666666666
975;395414;8885111.285555558;0.2222222222222222
976;395414;8885111.285555558;0.2777777777777778
977;395414;8885111.285555558;0.3333333333333333
978;395414;8885111.285555558;0.38888888888888884
979;395414;8885111.285555558;0.4444444444444444
980;395414;8885111.285555558;0.5
981;395414;10154412.89777778;0
982;395414;10154412.89777778;0.05555555555555555
983;395414;10154412.89777778;0.1111111111111111
984;395414;10154412.89777778;0.16666666666666666
985;395414;10154412.89777778;0.2222222222222222
986;395414;10154412.89777778;0.2777777777777778
987;395414;10154412.89777778;0.3333333333333333
988;395414;10154412.89777778;0.38888888888888884
989;395414;10154412.89777778;0.4444444444444444
990;395414;10154412.89777778;0.5
991;395414;11423714.510000004;0
992;395414;11423714.510000004;0.05555555555555555
993;395414;11423714.510000004;0.1111111111111111
994;395414;11423714.510000004;0.16666666666666666
995;395414;11423714.510000004;0.2222222222222222
996;395414;11423714.510000004;0.2777777777777778
997;395414;11423714.510000004;0.3333333333333333
998;395414;11423714.510000004;0.38888888888888884
999;395414;11423714.510000004;0.4444444444444444
1000;395414;11423714.510000004;0.5
