1;1728037;0;0
2;1728037;0;0.05555555555555555
3;1728037;0;0.1111111111111111
4;1728037;0;0.16666666666666666
5;1728037;0;0.2222222222222222
6;1728037;0;0.2777777777777778
7;1728037;0;0.3333333333333333
8;1728037;0;0.38888888888888884
9;1728037;0;0.4444444444444444
10;1728037;0;0.5
11;1728037;3460765.3561444497;0
12;1728037;3460765.3561444497;0.05555555555555555
13;1728037;3460765.3561444497;0.1111111111111111
14;1728037;3460765.3561444497;0.16666666666666666
15;1728037;3460765.3561444497;0.2222222222222222
16;1728037;3460765.3561444497;0.2777777777777778
17;1728037;3460765.3561444497;0.3333333333333333
18;1728037;3460765.3561444497;0.38888888888888884
19;1728037;3460765.3561444497;0.4444444444444444
20;1728037;3460765.3561444497;0.5
21;1728037;6921530.712288899;0
22;1728037;6921530.712288899;0.05555555555555555
23;1728037;6921530.712288899;0.1111111111111111
24;1728037;6921530.712288899;0.16666666666666666
25;1728037;6921530.712288899;0.2222222222222222
26;1728037;6921530.712288899;0.2777777777777778
27;1728037;6921530.712288899;0.3333333333333333
28;1728037;6921530.712288899;0.38888888888888884
29;1728037;6921530.712288899;0.4444444444444444
30;1728037;6921530.712288899;0.5
31;1728037;10382296.068433348;0
32;1728037;10382296.068433348;0.05555555555555555
33;1728037;10382296.068433348;0.1111111111111111
34;1728037;10382296.068433348;0.16666666666666666
35;1728037;10382296.068433348;0.2222222222222222
36;1728037;10382296.068433348;0.2777777777777778
37;1728037;10382296.068433348;0.3333333333333333
38;1728037;10382296.068433348;0.38888888888888884
39;1728037;10382296.068433348;0.4444444444444444
40;1728037;10382296.068433348;0.5
41;1728037;13843061.424577799;0
42;1728037;13843061.424577799;0.05555555555555555
43;1728037;13843061.424577799;0.1111111111111111
44;1728037;13843061.424577799;0.16666666666666666
45;1728037;13843061.424577799;0.2222222222222222
46;1728037;13843061.424577799;0.2777777777777778
47;1728037;13843061.424577799;0.3333333333333333
48;1728037;13843061.424577799;0.38888888888888884
49;1728037;13843061.424577799;0.4444444444444444
50;1728037;13843061.424577799;0.5
51;1728037;17303826.78072225;0
52;1728037;17303826.78072225;0.05555555555555555
53;1728037;17303826.78072225;0.1111111111111111
54;1728037;17303826.78072225;0.16666666666666666
55;1728037;17303826.78072225;0.2222222222222222
56;1728037;17303826.78072225;0.2777777777777778
57;1728037;17303826.78072225;0.3333333333333333
58;1728037;17303826.78072225;0.38888888888888884
59;1728037;17303826.78072225;0.4444444444444444
60;1728037;17303826.78072225;0.5
61;1728037;20764592.136866696;0
62;1728037;20764592.136866696;0.05555555555555555
63;1728037;20764592.136866696;0.1111111111111111
64;1728037;20764592.136866696;0.16666666666666666
65;1728037;20764592.136866696;0.2222222222222222
66;1728037;20764592.136866696;0.2777777777777778
67;1728037;20764592.136866696;0.3333333333333333
68;1728037;20764592.136866696;0.38888888888888884
69;1728037;20764592.136866696;0.4444444444444444
70;1728037;20764592.136866696;0.5
71;1728037;24225357.493011147;0
72;1728037;24225357.493011147;0.05555555555555555
73;1728037;24225357.493011147;0.1111111111111111
74;1728037;24225357.493011147;0.16666666666666666
75;1728037;24225357.493011147;0.2222222222222222
76;1728037;24225357.493011147;0.2777777777777778
77;1728037;24225357.493011147;0.3333333333333333
78;1728037;24225357.493011147;0.38888888888888884
79;1728037;24225357.493011147;0.4444444444444444
80;1728037;24225357.493011147;0.5
81;1728037;27686122.849155597;0
82;1728037;27686122.849155597;0.05555555555555555
83;1728037;27686122.849155597;0.1111111111111111
84;1728037;27686122.849155597;0.16666666666666666
85;1728037;27686122.849155597;0.2222222222222222
86;1728037;27686122.849155597;0.2777777777777778
87;1728037;27686122.849155597;0.3333333333333333
88;1728037;27686122.849155597;0.38888888888888884
89;1728037;27686122.849155597;0.4444444444444444
90;1728037;27686122.849155597;0.5
91;1728037;31146888.205300048;0
92;1728037;31146888.205300048;0.05555555555555555
93;1728037;31146888.205300048;0.1111111111111111
94;1728037;31146888.205300048;0.16666666666666666
95;1728037;31146888.205300048;0.2222222222222222
96;1728037;31146888.205300048;0.2777777777777778
97;1728037;31146888.205300048;0.3333333333333333
98;1728037;31146888.205300048;0.38888888888888884
99;1728037;31146888.205300048;0.4444444444444444
100;1728037;31146888.205300048;0.5
101;1662098;0;0
102;1662098;0;0.05555555555555555
103;1662098;0;0.1111111111111111
104;1662098;0;0.16666666666666666
105;1662098;0;0.2222222222222222
106;1662098;0;0.2777777777777778
107;1662098;0;0.3333333333333333
108;1662098;0;0.38888888888888884
109;1662098;0;0.4444444444444444
110;1662098;0;0.5
111;1662098;3460765.3561444497;0
112;1662098;3460765.3561444497;0.05555555555555555
113;1662098;3460765.3561444497;0.1111111111111111
114;1662098;3460765.3561444497;0.16666666666666666
115;1662098;3460765.3561444497;0.2222222222222222
116;1662098;3460765.3561444497;0.2777777777777778
117;1662098;3460765.3561444497;0.3333333333333333
118;1662098;3460765.3561444497;0.38888888888888884
119;1662098;3460765.3561444497;0.4444444444444444
120;1662098;3460765.3561444497;0.5
121;1662098;6921530.712288899;0
122;1662098;6921530.712288899;0.05555555555555555
123;1662098;6921530.712288899;0.1111111111111111
124;1662098;6921530.712288899;0.16666666666666666
125;1662098;6921530.712288899;0.2222222222222222
126;1662098;6921530.712288899;0.2777777777777778
127;1662098;6921530.712288899;0.3333333333333333
128;1662098;6921530.712288899;0.38888888888888884
129;1662098;6921530.712288899;0.4444444444444444
130;1662098;6921530.712288899;0.5
131;1662098;10382296.068433348;0
132;1662098;10382296.068433348;0.05555555555555555
133;1662098;10382296.068433348;0.1111111111111111
134;1662098;10382296.068433348;0.16666666666666666
135;1662098;10382296.068433348;0.2222222222222222
136;1662098;10382296.068433348;0.2777777777777778
137;1662098;10382296.068433348;0.3333333333333333
138;1662098;10382296.068433348;0.38888888888888884
139;1662098;10382296.068433348;0.4444444444444444
140;1662098;10382296.068433348;0.5
141;1662098;13843061.424577799;0
142;1662098;13843061.424577799;0.05555555555555555
143;1662098;13843061.424577799;0.1111111111111111
144;1662098;13843061.424577799;0.16666666666666666
145;1662098;13843061.424577799;0.2222222222222222
146;1662098;13843061.424577799;0.2777777777777778
147;1662098;13843061.424577799;0.3333333333333333
148;1662098;13843061.424577799;0.38888888888888884
149;1662098;13843061.424577799;0.4444444444444444
150;1662098;13843061.424577799;0.5
151;1662098;17303826.78072225;0
152;1662098;17303826.78072225;0.05555555555555555
153;1662098;17303826.78072225;0.1111111111111111
154;1662098;17303826.78072225;0.16666666666666666
155;1662098;17303826.78072225;0.2222222222222222
156;1662098;17303826.78072225;0.2777777777777778
157;1662098;17303826.78072225;0.3333333333333333
158;1662098;17303826.78072225;0.38888888888888884
159;1662098;17303826.78072225;0.4444444444444444
160;1662098;17303826.78072225;0.5
161;1662098;20764592.136866696;0
162;1662098;20764592.136866696;0.05555555555555555
163;1662098;20764592.136866696;0.1111111111111111
164;1662098;20764592.136866696;0.16666666666666666
165;1662098;20764592.136866696;0.2222222222222222
166;1662098;20764592.136866696;0.2777777777777778
167;1662098;20764592.136866696;0.3333333333333333
168;1662098;20764592.136866696;0.38888888888888884
169;1662098;20764592.136866696;0.4444444444444444
170;1662098;20764592.136866696;0.5
171;1662098;24225357.493011147;0
172;1662098;24225357.493011147;0.05555555555555555
173;1662098;24225357.493011147;0.1111111111111111
174;1662098;24225357.493011147;0.16666666666666666
175;1662098;24225357.493011147;0.2222222222222222
176;1662098;24225357.493011147;0.2777777777777778
177;1662098;24225357.493011147;0.3333333333333333
178;1662098;24225357.493011147;0.38888888888888884
179;1662098;24225357.493011147;0.4444444444444444
180;1662098;24225357.493011147;0.5
181;1662098;27686122.849155597;0
182;1662098;27686122.849155597;0.05555555555555555
183;1662098;27686122.849155597;0.1111111111111111
184;1662098;27686122.849155597;0.16666666666666666
185;1662098;27686122.849155597;0.2222222222222222
186;1662098;27686122.849155597;0.2777777777777778
187;1662098;27686122.849155597;0.3333333333333333
188;1662098;27686122.849155597;0.38888888888888884
189;1662098;27686122.849155597;0.4444444444444444
190;1662098;27686122.849155597;0.5
191;1662098;31146888.205300048;0
192;1662098;31146888.205300048;0.05555555555555555
193;1662098;31146888.205300048;0.1111111111111111
194;1662098;31146888.205300048;0.16666666666666666
195;1662098;31146888.205300048;0.2222222222222222
196;1662098;31146888.205300048;0.2777777777777778
197;1662098;31146888.205300048;0.3333333333333333
198;1662098;31146888.205300048;0.38888888888888884
199;1662098;31146888.205300048;0.4444444444444444
200;1662098;31146888.205300048;0.5
201;1596160;0;0
202;1596160;0;0.05555555555555555
203;1596160;0;0.1111111111111111
204;1596160;0;0.16666666666666666
205;1596160;0;0.2222222222222222
206;1596160;0;0.2777777777777778
207;1596160;0;0.3333333333333333
208;1596160;0;0.38888888888888884
209;1596160;0;0.4444444444444444
210;1596160;0;0.5
211;1596160;3460765.3561444497;0
212;1596160;3460765.3561444497;0.05555555555555555
213;1596160;3460765.3561444497;0.1111111111111111
214;1596160;3460765.3561444497;0.16666666666666666
215;1596160;3460765.3561444497;0.2222222222222222
216;1596160;3460765.3561444497;0.2777777777777778
217;1596160;3460765.3561444497;0.3333333333333333
218;1596160;3460765.3561444497;0.38888888888888884
219;1596160;3460765.3561444497;0.4444444444444444
220;1596160;3460765.3561444497;0.5
221;1596160;6921530.712288899;0
222;1596160;6921530.712288899;0.05555555555555555
223;1596160;6921530.712288899;0.1111111111111111
224;1596160;6921530.712288899;0.16666666666666666
225;1596160;6921530.712288899;0.2222222222222222
226;1596160;6921530.712288899;0.2777777777777778
227;1596160;6921530.712288899;0.3333333333333333
228;1596160;6921530.712288899;0.38888888888888884
229;1596160;6921530.712288899;0.4444444444444444
230;1596160;6921530.712288899;0.5
231;1596160;10382296.068433348;0
232;1596160;10382296.068433348;0.05555555555555555
233;1596160;10382296.068433348;0.1111111111111111
234;1596160;10382296.068433348;0.16666666666666666
235;1596160;10382296.068433348;0.2222222222222222
236;1596160;10382296.068433348;0.2777777777777778
237;1596160;10382296.068433348;0.3333333333333333
238;1596160;10382296.068433348;0.38888888888888884
239;1596160;10382296.068433348;0.4444444444444444
240;1596160;10382296.068433348;0.5
241;1596160;13843061.424577799;0
242;1596160;13843061.424577799;0.05555555555555555
243;1596160;13843061.424577799;0.1111111111111111
244;1596160;13843061.424577799;0.16666666666666666
245;1596160;13843061.424577799;0.2222222222222222
246;1596160;13843061.424577799;0.2777777777777778
247;1596160;13843061.424577799;0.3333333333333333
248;1596160;13843061.424577799;0.38888888888888884
249;1596160;13843061.424577799;0.4444444444444444
250;1596160;13843061.424577799;0.5
251;1596160;17303826.78072225;0
252;1596160;17303826.78072225;0.05555555555555555
253;1596160;17303826.78072225;0.1111111111111111
254;1596160;17303826.78072225;0.16666666666666666
255;1596160;17303826.78072225;0.2222222222222222
256;1596160;17303826.78072225;0.2777777777777778
257;1596160;17303826.78072225;0.3333333333333333
258;1596160;17303826.78072225;0.38888888888888884
259;1596160;17303826.78072225;0.4444444444444444
260;1596160;17303826.78072225;0.5
261;1596160;20764592.136866696;0
262;1596160;20764592.136866696;0.05555555555555555
263;1596160;20764592.136866696;0.1111111111111111
264;1596160;20764592.136866696;0.16666666666666666
265;1596160;20764592.136866696;0.2222222222222222
266;1596160;20764592.136866696;0.2777777777777778
267;1596160;20764592.136866696;0.3333333333333333
268;1596160;20764592.136866696;0.38888888888888884
269;1596160;20764592.136866696;0.4444444444444444
270;1596160;20764592.136866696;0.5
271;1596160;24225357.493011147;0
272;1596160;24225357.493011147;0.05555555555555555
273;1596160;24225357.493011147;0.1111111111111111
274;1596160;24225357.493011147;0.16666666666666666
275;1596160;24225357.493011147;0.2222222222222222
276;1596160;24225357.493011147;0.2777777777777778
277;1596160;24225357.493011147;0.3333333333333333
278;1596160;24225357.493011147;0.38888888888888884
279;1596160;24225357.493011147;0.4444444444444444
280;1596160;24225357.493011147;0.5
281;1596160;27686122.849155597;0
282;1596160;27686122.849155597;0.05555555555555555
283;1596160;27686122.849155597;0.1111111111111111
284;1596160;27686122.849155597;0.16666666666666666
285;1596160;27686122.849155597;0.2222222222222222
286;1596160;27686122.849155597;0.2777777777777778
287;1596160;27686122.849155597;0.3333333333333333
288;1596160;27686122.849155597;0.38888888888888884
289;1596160;27686122.849155597;0.4444444444444444
290;1596160;27686122.849155597;0.5
291;1596160;31146888.205300048;0
292;1596160;31146888.205300048;0.05555555555555555
293;1596160;31146888.205300048;0.1111111111111111
294;1596160;31146888.205300048;0.16666666666666666
295;1596160;31146888.205300048;0.2222222222222222
296;1596160;31146888.205300048;0.2777777777777778
297;1596160;31146888.205300048;0.3333333333333333
298;1596160;31146888.205300048;0.38888888888888884
299;1596160;31146888.205300048;0.4444444444444444
300;1596160;31146888.205300048;0.5
301;1530221;0;0
302;1530221;0;0.05555555555555555
303;1530221;0;0.1111111111111111
304;1530221;0;0.16666666666666666
305;1530221;0;0.2222222222222222
306;1530221;0;0.2777777777777778
307;1530221;0;0.3333333333333333
308;1530221;0;0.38888888888888884
309;1530221;0;0.4444444444444444
310;1530221;0;0.5
311;1530221;3460765.3561444497;0
312;1530221;3460765.3561444497;0.05555555555555555
313;1530221;3460765.3561444497;0.1111111111111111
314;1530221;3460765.3561444497;0.16666666666666666
315;1530221;3460765.3561444497;0.2222222222222222
316;1530221;3460765.3561444497;0.2777777777777778
317;1530221;3460765.3561444497;0.3333333333333333
318;1530221;3460765.3561444497;0.38888888888888884
319;1530221;3460765.3561444497;0.4444444444444444
320;1530221;3460765.3561444497;0.5
321;1530221;6921530.712288899;0
322;1530221;6921530.712288899;0.05555555555555555
323;1530221;6921530.712288899;0.1111111111111111
324;1530221;6921530.712288899;0.16666666666666666
325;1530221;6921530.712288899;0.2222222222222222
326;1530221;6921530.712288899;0.2777777777777778
327;1530221;6921530.712288899;0.3333333333333333
328;1530221;6921530.712288899;0.38888888888888884
329;1530221;6921530.712288899;0.4444444444444444
330;1530221;6921530.712288899;0.5
331;1530221;10382296.068433348;0
332;1530221;10382296.068433348;0.05555555555555555
333;1530221;10382296.068433348;0.1111111111111111
334;1530221;10382296.068433348;0.16666666666666666
335;1530221;10382296.068433348;0.2222222222222222
336;1530221;10382296.068433348;0.2777777777777778
337;1530221;10382296.068433348;0.3333333333333333
338;1530221;10382296.068433348;0.38888888888888884
339;1530221;10382296.068433348;0.4444444444444444
340;1530221;10382296.068433348;0.5
341;1530221;13843061.424577799;0
342;1530221;13843061.424577799;0.05555555555555555
343;1530221;13843061.424577799;0.1111111111111111
344;1530221;13843061.424577799;0.16666666666666666
345;1530221;13843061.424577799;0.2222222222222222
346;1530221;13843061.424577799;0.2777777777777778
347;1530221;13843061.424577799;0.3333333333333333
348;1530221;13843061.424577799;0.38888888888888884
349;1530221;13843061.424577799;0.4444444444444444
350;1530221;13843061.424577799;0.5
351;1530221;17303826.78072225;0
352;1530221;17303826.78072225;0.05555555555555555
353;1530221;17303826.78072225;0.1111111111111111
354;1530221;17303826.78072225;0.16666666666666666
355;1530221;17303826.78072225;0.2222222222222222
356;1530221;17303826.78072225;0.2777777777777778
357;1530221;17303826.78072225;0.3333333333333333
358;1530221;17303826.78072225;0.38888888888888884
359;1530221;17303826.78072225;0.4444444444444444
360;1530221;17303826.78072225;0.5
361;1530221;20764592.136866696;0
362;1530221;20764592.136866696;0.05555555555555555
363;1530221;20764592.136866696;0.1111111111111111
364;1530221;20764592.136866696;0.16666666666666666
365;1530221;20764592.136866696;0.2222222222222222
366;1530221;20764592.136866696;0.2777777777777778
367;1530221;20764592.136866696;0.3333333333333333
368;1530221;20764592.136866696;0.38888888888888884
369;1530221;20764592.136866696;0.4444444444444444
370;1530221;20764592.136866696;0.5
371;1530221;24225357.493011147;0
372;1530221;24225357.493011147;0.05555555555555555
373;1530221;24225357.493011147;0.1111111111111111
374;1530221;24225357.493011147;0.16666666666666666
375;1530221;24225357.493011147;0.2222222222222222
376;1530221;24225357.493011147;0.2777777777777778
377;1530221;24225357.493011147;0.3333333333333333
378;1530221;24225357.493011147;0.38888888888888884
379;1530221;24225357.493011147;0.4444444444444444
380;1530221;24225357.493011147;0.5
381;1530221;27686122.849155597;0
382;1530221;27686122.849155597;0.05555555555555555
383;1530221;27686122.849155597;0.1111111111111111
384;1530221;27686122.849155597;0.16666666666666666
385;1530221;27686122.849155597;0.2222222222222222
386;1530221;27686122.849155597;0.2777777777777778
387;1530221;27686122.849155597;0.3333333333333333
388;1530221;27686122.849155597;0.38888888888888884
389;1530221;27686122.849155597;0.4444444444444444
390;1530221;27686122.849155597;0.5
391;1530221;31146888.205300048;0
392;1530221;31146888.205300048;0.05555555555555555
393;1530221;31146888.205300048;0.1111111111111111
394;1530221;31146888.205300048;0.16666666666666666
395;1530221;31146888.205300048;0.2222222222222222
396;1530221;31146888.205300048;0.2777777777777778
397;1530221;31146888.205300048;0.3333333333333333
398;1530221;31146888.205300048;0.38888888888888884
399;1530221;31146888.205300048;0.4444444444444444
400;1530221;31146888.205300048;0.5
401;1464283;0;0
402;1464283;0;0.05555555555555555
403;1464283;0;0.1111111111111111
404;1464283;0;0.16666666666666666
405;1464283;0;0.2222222222222222
406;1464283;0;0.2777777777777778
407;1464283;0;0.3333333333333333
408;1464283;0;0.38888888888888884
409;1464283;0;0.4444444444444444
410;1464283;0;0.5
411;1464283;3460765.3561444497;0
412;1464283;3460765.3561444497;0.05555555555555555
413;1464283;3460765.3561444497;0.1111111111111111
414;1464283;3460765.3561444497;0.16666666666666666
415;1464283;3460765.3561444497;0.2222222222222222
416;1464283;3460765.3561444497;0.2777777777777778
417;1464283;3460765.3561444497;0.3333333333333333
418;1464283;3460765.3561444497;0.38888888888888884
419;1464283;3460765.3561444497;0.4444444444444444
420;1464283;3460765.3561444497;0.5
421;1464283;6921530.712288899;0
422;1464283;6921530.712288899;0.05555555555555555
423;1464283;6921530.712288899;0.1111111111111111
424;1464283;6921530.712288899;0.16666666666666666
425;1464283;6921530.712288899;0.2222222222222222
426;1464283;6921530.712288899;0.2777777777777778
427;1464283;6921530.712288899;0.3333333333333333
428;1464283;6921530.712288899;0.38888888888888884
429;1464283;6921530.712288899;0.4444444444444444
430;1464283;6921530.712288899;0.5
431;1464283;10382296.068433348;0
432;1464283;10382296.068433348;0.05555555555555555
433;1464283;10382296.068433348;0.1111111111111111
434;1464283;10382296.068433348;0.16666666666666666
435;1464283;10382296.068433348;0.2222222222222222
436;1464283;10382296.068433348;0.2777777777777778
437;1464283;10382296.068433348;0.3333333333333333
438;1464283;10382296.068433348;0.38888888888888884
439;1464283;10382296.068433348;0.4444444444444444
440;1464283;10382296.068433348;0.5
441;1464283;13843061.424577799;0
442;1464283;13843061.424577799;0.05555555555555555
443;1464283;13843061.424577799;0.1111111111111111
444;1464283;13843061.424577799;0.16666666666666666
445;1464283;13843061.424577799;0.2222222222222222
446;1464283;13843061.424577799;0.2777777777777778
447;1464283;13843061.424577799;0.3333333333333333
448;1464283;13843061.424577799;0.38888888888888884
449;1464283;13843061.424577799;0.4444444444444444
450;1464283;13843061.424577799;0.5
451;1464283;17303826.78072225;0
452;1464283;17303826.78072225;0.05555555555555555
453;1464283;17303826.78072225;0.1111111111111111
454;1464283;17303826.78072225;0.16666666666666666
455;1464283;17303826.78072225;0.2222222222222222
456;1464283;17303826.78072225;0.2777777777777778
457;1464283;17303826.78072225;0.3333333333333333
458;1464283;17303826.78072225;0.38888888888888884
459;1464283;17303826.78072225;0.4444444444444444
460;1464283;17303826.78072225;0.5
461;1464283;20764592.136866696;0
462;1464283;20764592.136866696;0.05555555555555555
463;1464283;20764592.136866696;0.1111111111111111
464;1464283;20764592.136866696;0.16666666666666666
465;1464283;20764592.136866696;0.2222222222222222
466;1464283;20764592.136866696;0.2777777777777778
467;1464283;20764592.136866696;0.3333333333333333
468;1464283;20764592.136866696;0.38888888888888884
469;1464283;20764592.136866696;0.4444444444444444
470;1464283;20764592.136866696;0.5
471;1464283;24225357.493011147;0
472;1464283;24225357.493011147;0.05555555555555555
473;1464283;24225357.493011147;0.1111111111111111
474;1464283;24225357.493011147;0.16666666666666666
475;1464283;24225357.493011147;0.2222222222222222
476;1464283;24225357.493011147;0.2777777777777778
477;1464283;24225357.493011147;0.3333333333333333
478;1464283;24225357.493011147;0.38888888888888884
479;1464283;24225357.493011147;0.4444444444444444
480;1464283;24225357.493011147;0.5
481;1464283;27686122.849155597;0
482;1464283;27686122.849155597;0.05555555555555555
483;1464283;27686122.849155597;0.1111111111111111
484;1464283;27686122.849155597;0.16666666666666666
485;1464283;27686122.849155597;0.2222222222222222
486;1464283;27686122.849155597;0.2777777777777778
487;1464283;27686122.849155597;0.3333333333333333
488;1464283;27686122.849155597;0.38888888888888884
489;1464283;27686122.849155597;0.4444444444444444
490;1464283;27686122.849155597;0.5
491;1464283;31146888.205300048;0
492;1464283;31146888.205300048;0.05555555555555555
493;1464283;31146888.205300048;0.1111111111111111
494;1464283;31146888.205300048;0.16666666666666666
495;1464283;31146888.205300048;0.2222222222222222
496;1464283;31146888.205300048;0.2777777777777778
497;1464283;31146888.205300048;0.3333333333333333
498;1464283;31146888.205300048;0.38888888888888884
499;1464283;31146888.205300048;0.4444444444444444
500;1464283;31146888.205300048;0.5
501;1398344;0;0
502;1398344;0;0.05555555555555555
503;1398344;0;0.1111111111111111
504;1398344;0;0.16666666666666666
505;1398344;0;0.2222222222222222
506;1398344;0;0.2777777777777778
507;1398344;0;0.3333333333333333
508;1398344;0;0.38888888888888884
509;1398344;0;0.4444444444444444
510;1398344;0;0.5
511;1398344;3460765.3561444497;0
512;1398344;3460765.3561444497;0.05555555555555555
513;1398344;3460765.3561444497;0.1111111111111111
514;1398344;3460765.3561444497;0.16666666666666666
515;1398344;3460765.3561444497;0.2222222222222222
516;1398344;3460765.3561444497;0.2777777777777778
517;1398344;3460765.3561444497;0.3333333333333333
518;1398344;3460765.3561444497;0.38888888888888884
519;1398344;3460765.3561444497;0.4444444444444444
520;1398344;3460765.3561444497;0.5
521;1398344;6921530.712288899;0
522;1398344;6921530.712288899;0.05555555555555555
523;1398344;6921530.712288899;0.1111111111111111
524;1398344;6921530.712288899;0.16666666666666666
525;1398344;6921530.712288899;0.2222222222222222
526;1398344;6921530.712288899;0.2777777777777778
527;1398344;6921530.712288899;0.3333333333333333
528;1398344;6921530.712288899;0.38888888888888884
529;1398344;6921530.712288899;0.4444444444444444
530;1398344;6921530.712288899;0.5
531;1398344;10382296.068433348;0
532;1398344;10382296.068433348;0.05555555555555555
533;1398344;10382296.068433348;0.1111111111111111
534;1398344;10382296.068433348;0.16666666666666666
535;1398344;10382296.068433348;0.2222222222222222
536;1398344;10382296.068433348;0.2777777777777778
537;1398344;10382296.068433348;0.3333333333333333
538;1398344;10382296.068433348;0.38888888888888884
539;1398344;10382296.068433348;0.4444444444444444
540;1398344;10382296.068433348;0.5
541;1398344;13843061.424577799;0
542;1398344;13843061.424577799;0.05555555555555555
543;1398344;13843061.424577799;0.1111111111111111
544;1398344;13843061.424577799;0.16666666666666666
545;1398344;13843061.424577799;0.2222222222222222
546;1398344;13843061.424577799;0.2777777777777778
547;1398344;13843061.424577799;0.3333333333333333
548;1398344;13843061.424577799;0.38888888888888884
549;1398344;13843061.424577799;0.4444444444444444
550;1398344;13843061.424577799;0.5
551;1398344;17303826.78072225;0
552;1398344;17303826.78072225;0.05555555555555555
553;1398344;17303826.78072225;0.1111111111111111
554;1398344;17303826.78072225;0.16666666666666666
555;1398344;17303826.78072225;0.2222222222222222
556;1398344;17303826.78072225;0.2777777777777778
557;1398344;17303826.78072225;0.3333333333333333
558;1398344;17303826.78072225;0.38888888888888884
559;1398344;17303826.78072225;0.4444444444444444
560;1398344;17303826.78072225;0.5
561;1398344;20764592.136866696;0
562;1398344;20764592.136866696;0.05555555555555555
563;1398344;20764592.136866696;0.1111111111111111
564;1398344;20764592.136866696;0.16666666666666666
565;1398344;20764592.136866696;0.2222222222222222
566;1398344;20764592.136866696;0.2777777777777778
567;1398344;20764592.136866696;0.3333333333333333
568;1398344;20764592.136866696;0.38888888888888884
569;1398344;20764592.136866696;0.4444444444444444
570;1398344;20764592.136866696;0.5
571;1398344;24225357.493011147;0
572;1398344;24225357.493011147;0.05555555555555555
573;1398344;24225357.493011147;0.1111111111111111
574;1398344;24225357.493011147;0.16666666666666666
575;1398344;24225357.493011147;0.2222222222222222
576;1398344;24225357.493011147;0.2777777777777778
577;1398344;24225357.493011147;0.3333333333333333
578;1398344;24225357.493011147;0.38888888888888884
579;1398344;24225357.493011147;0.4444444444444444
580;1398344;24225357.493011147;0.5
581;1398344;27686122.849155597;0
582;1398344;27686122.849155597;0.05555555555555555
583;1398344;27686122.849155597;0.1111111111111111
584;1398344;27686122.849155597;0.16666666666666666
585;1398344;27686122.849155597;0.2222222222222222
586;1398344;27686122.849155597;0.2777777777777778
587;1398344;27686122.849155597;0.3333333333333333
588;1398344;27686122.849155597;0.38888888888888884
589;1398344;27686122.849155597;0.4444444444444444
590;1398344;27686122.849155597;0.5
591;1398344;31146888.205300048;0
592;1398344;31146888.205300048;0.05555555555555555
593;1398344;31146888.205300048;0.1111111111111111
594;1398344;31146888.205300048;0.16666666666666666
595;1398344;31146888.205300048;0.2222222222222222
596;1398344;31146888.205300048;0.2777777777777778
597;1398344;31146888.205300048;0.3333333333333333
598;1398344;31146888.205300048;0.38888888888888884
599;1398344;31146888.205300048;0.4444444444444444
600;1398344;31146888.205300048;0.5
601;1332406;0;0
602;1332406;0;0.05555555555555555
603;1332406;0;0.1111111111111111
604;1332406;0;0.16666666666666666
605;1332406;0;0.2222222222222222
606;1332406;0;0.2777777777777778
607;1332406;0;0.3333333333333333
608;1332406;0;0.38888888888888884
609;1332406;0;0.4444444444444444
610;1332406;0;0.5
611;1332406;3460765.3561444497;0
612;1332406;3460765.3561444497;0.05555555555555555
613;1332406;3460765.3561444497;0.1111111111111111
614;1332406;3460765.3561444497;0.16666666666666666
615;1332406;3460765.3561444497;0.2222222222222222
616;1332406;3460765.3561444497;0.2777777777777778
617;1332406;3460765.3561444497;0.3333333333333333
618;1332406;3460765.3561444497;0.38888888888888884
619;1332406;3460765.3561444497;0.4444444444444444
620;1332406;3460765.3561444497;0.5
621;1332406;6921530.712288899;0
622;1332406;6921530.712288899;0.05555555555555555
623;1332406;6921530.712288899;0.1111111111111111
624;1332406;6921530.712288899;0.16666666666666666
625;1332406;6921530.712288899;0.2222222222222222
626;1332406;6921530.712288899;0.2777777777777778
627;1332406;6921530.712288899;0.3333333333333333
628;1332406;6921530.712288899;0.38888888888888884
629;1332406;6921530.712288899;0.4444444444444444
630;1332406;6921530.712288899;0.5
631;1332406;10382296.068433348;0
632;1332406;10382296.068433348;0.05555555555555555
633;1332406;10382296.068433348;0.1111111111111111
634;1332406;10382296.068433348;0.16666666666666666
635;1332406;10382296.068433348;0.2222222222222222
636;1332406;10382296.068433348;0.2777777777777778
637;1332406;10382296.068433348;0.3333333333333333
638;1332406;10382296.068433348;0.38888888888888884
639;1332406;10382296.068433348;0.4444444444444444
640;1332406;10382296.068433348;0.5
641;1332406;13843061.424577799;0
642;1332406;13843061.424577799;0.05555555555555555
643;1332406;13843061.424577799;0.1111111111111111
644;1332406;13843061.424577799;0.16666666666666666
645;1332406;13843061.424577799;0.2222222222222222
646;1332406;13843061.424577799;0.2777777777777778
647;1332406;13843061.424577799;0.3333333333333333
648;1332406;13843061.424577799;0.38888888888888884
649;1332406;13843061.424577799;0.4444444444444444
650;1332406;13843061.424577799;0.5
651;1332406;17303826.78072225;0
652;1332406;17303826.78072225;0.05555555555555555
653;1332406;17303826.78072225;0.1111111111111111
654;1332406;17303826.78072225;0.16666666666666666
655;1332406;17303826.78072225;0.2222222222222222
656;1332406;17303826.78072225;0.2777777777777778
657;1332406;17303826.78072225;0.3333333333333333
658;1332406;17303826.78072225;0.38888888888888884
659;1332406;17303826.78072225;0.4444444444444444
660;1332406;17303826.78072225;0.5
661;1332406;20764592.136866696;0
662;1332406;20764592.136866696;0.05555555555555555
663;1332406;20764592.136866696;0.1111111111111111
664;1332406;20764592.136866696;0.16666666666666666
665;1332406;20764592.136866696;0.2222222222222222
666;1332406;20764592.136866696;0.2777777777777778
667;1332406;20764592.136866696;0.3333333333333333
668;1332406;20764592.136866696;0.38888888888888884
669;1332406;20764592.136866696;0.4444444444444444
670;1332406;20764592.136866696;0.5
671;1332406;24225357.493011147;0
672;1332406;24225357.493011147;0.05555555555555555
673;1332406;24225357.493011147;0.1111111111111111
674;1332406;24225357.493011147;0.16666666666666666
675;1332406;24225357.493011147;0.2222222222222222
676;1332406;24225357.493011147;0.2777777777777778
677;1332406;24225357.493011147;0.3333333333333333
678;1332406;24225357.493011147;0.38888888888888884
679;1332406;24225357.493011147;0.4444444444444444
680;1332406;24225357.493011147;0.5
681;1332406;27686122.849155597;0
682;1332406;27686122.849155597;0.05555555555555555
683;1332406;27686122.849155597;0.1111111111111111
684;1332406;27686122.849155597;0.16666666666666666
685;1332406;27686122.849155597;0.2222222222222222
686;1332406;27686122.849155597;0.2777777777777778
687;1332406;27686122.849155597;0.3333333333333333
688;1332406;27686122.849155597;0.38888888888888884
689;1332406;27686122.849155597;0.4444444444444444
690;1332406;27686122.849155597;0.5
691;1332406;31146888.205300048;0
692;1332406;31146888.205300048;0.05555555555555555
693;1332406;31146888.205300048;0.1111111111111111
694;1332406;31146888.205300048;0.16666666666666666
695;1332406;31146888.205300048;0.2222222222222222
696;1332406;31146888.205300048;0.2777777777777778
697;1332406;31146888.205300048;0.3333333333333333
698;1332406;31146888.205300048;0.38888888888888884
699;1332406;31146888.205300048;0.4444444444444444
700;1332406;31146888.205300048;0.5
701;1266467;0;0
702;1266467;0;0.05555555555555555
703;1266467;0;0.1111111111111111
704;1266467;0;0.16666666666666666
705;1266467;0;0.2222222222222222
706;1266467;0;0.2777777777777778
707;1266467;0;0.3333333333333333
708;1266467;0;0.38888888888888884
709;1266467;0;0.4444444444444444
710;1266467;0;0.5
711;1266467;3460765.3561444497;0
712;1266467;3460765.3561444497;0.05555555555555555
713;1266467;3460765.3561444497;0.1111111111111111
714;1266467;3460765.3561444497;0.16666666666666666
715;1266467;3460765.3561444497;0.2222222222222222
716;1266467;3460765.3561444497;0.2777777777777778
717;1266467;3460765.3561444497;0.3333333333333333
718;1266467;3460765.3561444497;0.38888888888888884
719;1266467;3460765.3561444497;0.4444444444444444
720;1266467;3460765.3561444497;0.5
721;1266467;6921530.712288899;0
722;1266467;6921530.712288899;0.05555555555555555
723;1266467;6921530.712288899;0.1111111111111111
724;1266467;6921530.712288899;0.16666666666666666
725;1266467;6921530.712288899;0.2222222222222222
726;1266467;6921530.712288899;0.2777777777777778
727;1266467;6921530.712288899;0.3333333333333333
728;1266467;6921530.712288899;0.38888888888888884
729;1266467;6921530.712288899;0.4444444444444444
730;1266467;6921530.712288899;0.5
731;1266467;10382296.068433348;0
732;1266467;10382296.068433348;0.05555555555555555
733;1266467;10382296.068433348;0.1111111111111111
734;1266467;10382296.068433348;0.16666666666666666
735;1266467;10382296.068433348;0.2222222222222222
736;1266467;10382296.068433348;0.2777777777777778
737;1266467;10382296.068433348;0.3333333333333333
738;1266467;10382296.068433348;0.38888888888888884
739;1266467;10382296.068433348;0.4444444444444444
740;1266467;10382296.068433348;0.5
741;1266467;13843061.424577799;0
742;1266467;13843061.424577799;0.05555555555555555
743;1266467;13843061.424577799;0.1111111111111111
744;1266467;13843061.424577799;0.16666666666666666
745;1266467;13843061.424577799;0.2222222222222222
746;1266467;13843061.424577799;0.2777777777777778
747;1266467;13843061.424577799;0.3333333333333333
748;1266467;13843061.424577799;0.38888888888888884
749;1266467;13843061.424577799;0.4444444444444444
750;1266467;13843061.424577799;0.5
751;1266467;17303826.78072225;0
752;1266467;17303826.78072225;0.05555555555555555
753;1266467;17303826.78072225;0.1111111111111111
754;1266467;17303826.78072225;0.16666666666666666
755;1266467;17303826.78072225;0.2222222222222222
756;1266467;17303826.78072225;0.2777777777777778
757;1266467;17303826.78072225;0.3333333333333333
758;1266467;17303826.78072225;0.38888888888888884
759;1266467;17303826.78072225;0.4444444444444444
760;1266467;17303826.78072225;0.5
761;1266467;20764592.136866696;0
762;1266467;20764592.136866696;0.05555555555555555
763;1266467;20764592.136866696;0.1111111111111111
764;1266467;20764592.136866696;0.16666666666666666
765;1266467;20764592.136866696;0.2222222222222222
766;1266467;20764592.136866696;0.2777777777777778
767;1266467;20764592.136866696;0.3333333333333333
768;1266467;20764592.136866696;0.38888888888888884
769;1266467;20764592.136866696;0.4444444444444444
770;1266467;20764592.136866696;0.5
771;1266467;24225357.493011147;0
772;1266467;24225357.493011147;0.05555555555555555
773;1266467;24225357.493011147;0.1111111111111111
774;1266467;24225357.493011147;0.16666666666666666
775;1266467;24225357.493011147;0.2222222222222222
776;1266467;24225357.493011147;0.2777777777777778
777;1266467;24225357.493011147;0.3333333333333333
778;1266467;24225357.493011147;0.38888888888888884
779;1266467;24225357.493011147;0.4444444444444444
780;1266467;24225357.493011147;0.5
781;1266467;27686122.849155597;0
782;1266467;27686122.849155597;0.05555555555555555
783;1266467;27686122.849155597;0.1111111111111111
784;1266467;27686122.849155597;0.16666666666666666
785;1266467;27686122.849155597;0.2222222222222222
786;1266467;27686122.849155597;0.2777777777777778
787;1266467;27686122.849155597;0.3333333333333333
788;1266467;27686122.849155597;0.38888888888888884
789;1266467;27686122.849155597;0.4444444444444444
790;1266467;27686122.849155597;0.5
791;1266467;31146888.205300048;0
792;1266467;31146888.205300048;0.05555555555555555
793;1266467;31146888.205300048;0.1111111111111111
794;1266467;31146888.205300048;0.16666666666666666
795;1266467;31146888.205300048;0.2222222222222222
796;1266467;31146888.205300048;0.2777777777777778
797;1266467;31146888.205300048;0.3333333333333333
798;1266467;31146888.205300048;0.38888888888888884
799;1266467;31146888.205300048;0.4444444444444444
800;1266467;31146888.205300048;0.5
801;1200529;0;0
802;1200529;0;0.05555555555555555
803;1200529;0;0.1111111111111111
804;1200529;0;0.16666666666666666
805;1200529;0;0.2222222222222222
806;1200529;0;0.2777777777777778
807;1200529;0;0.3333333333333333
808;1200529;0;0.38888888888888884
809;1200529;0;0.4444444444444444
810;1200529;0;0.5
811;1200529;3460765.3561444497;0
812;1200529;3460765.3561444497;0.05555555555555555
813;1200529;3460765.3561444497;0.1111111111111111
814;1200529;3460765.3561444497;0.16666666666666666
815;1200529;3460765.3561444497;0.2222222222222222
816;1200529;3460765.3561444497;0.2777777777777778
817;1200529;3460765.3561444497;0.3333333333333333
818;1200529;3460765.3561444497;0.38888888888888884
819;1200529;3460765.3561444497;0.4444444444444444
820;1200529;3460765.3561444497;0.5
821;1200529;6921530.712288899;0
822;1200529;6921530.712288899;0.05555555555555555
823;1200529;6921530.712288899;0.1111111111111111
824;1200529;6921530.712288899;0.16666666666666666
825;1200529;6921530.712288899;0.2222222222222222
826;1200529;6921530.712288899;0.2777777777777778
827;1200529;6921530.712288899;0.3333333333333333
828;1200529;6921530.712288899;0.38888888888888884
829;1200529;6921530.712288899;0.4444444444444444
830;1200529;6921530.712288899;0.5
831;1200529;10382296.068433348;0
832;1200529;10382296.068433348;0.05555555555555555
833;1200529;10382296.068433348;0.1111111111111111
834;1200529;10382296.068433348;0.16666666666666666
835;1200529;10382296.068433348;0.2222222222222222
836;1200529;10382296.068433348;0.2777777777777778
837;1200529;10382296.068433348;0.3333333333333333
838;1200529;10382296.068433348;0.38888888888888884
839;1200529;10382296.068433348;0.4444444444444444
840;1200529;10382296.068433348;0.5
841;1200529;13843061.424577799;0
842;1200529;13843061.424577799;0.05555555555555555
843;1200529;13843061.424577799;0.1111111111111111
844;1200529;13843061.424577799;0.16666666666666666
845;1200529;13843061.424577799;0.2222222222222222
846;1200529;13843061.424577799;0.2777777777777778
847;1200529;13843061.424577799;0.3333333333333333
848;1200529;13843061.424577799;0.38888888888888884
849;1200529;13843061.424577799;0.4444444444444444
850;1200529;13843061.424577799;0.5
851;1200529;17303826.78072225;0
852;1200529;17303826.78072225;0.05555555555555555
853;1200529;17303826.78072225;0.1111111111111111
854;1200529;17303826.78072225;0.16666666666666666
855;1200529;17303826.78072225;0.2222222222222222
856;1200529;17303826.78072225;0.2777777777777778
857;1200529;17303826.78072225;0.3333333333333333
858;1200529;17303826.78072225;0.38888888888888884
859;1200529;17303826.78072225;0.4444444444444444
860;1200529;17303826.78072225;0.5
861;1200529;20764592.136866696;0
862;1200529;20764592.136866696;0.05555555555555555
863;1200529;20764592.136866696;0.1111111111111111
864;1200529;20764592.136866696;0.16666666666666666
865;1200529;20764592.136866696;0.2222222222222222
866;1200529;20764592.136866696;0.2777777777777778
867;1200529;20764592.136866696;0.3333333333333333
868;1200529;20764592.136866696;0.38888888888888884
869;1200529;20764592.136866696;0.4444444444444444
870;1200529;20764592.136866696;0.5
871;1200529;24225357.493011147;0
872;1200529;24225357.493011147;0.05555555555555555
873;1200529;24225357.493011147;0.1111111111111111
874;1200529;24225357.493011147;0.16666666666666666
875;1200529;24225357.493011147;0.2222222222222222
876;1200529;24225357.493011147;0.2777777777777778
877;1200529;24225357.493011147;0.3333333333333333
878;1200529;24225357.493011147;0.38888888888888884
879;1200529;24225357.493011147;0.4444444444444444
880;1200529;24225357.493011147;0.5
881;1200529;27686122.849155597;0
882;1200529;27686122.849155597;0.05555555555555555
883;1200529;27686122.849155597;0.1111111111111111
884;1200529;27686122.849155597;0.16666666666666666
885;1200529;27686122.849155597;0.2222222222222222
886;1200529;27686122.849155597;0.2777777777777778
887;1200529;27686122.849155597;0.3333333333333333
888;1200529;27686122.849155597;0.38888888888888884
889;1200529;27686122.849155597;0.4444444444444444
890;1200529;27686122.849155597;0.5
891;1200529;31146888.205300048;0
892;1200529;31146888.205300048;0.05555555555555555
893;1200529;31146888.205300048;0.1111111111111111
894;1200529;31146888.205300048;0.16666666666666666
895;1200529;31146888.205300048;0.2222222222222222
896;1200529;31146888.205300048;0.2777777777777778
897;1200529;31146888.205300048;0.3333333333333333
898;1200529;31146888.205300048;0.38888888888888884
899;1200529;31146888.205300048;0.4444444444444444
900;1200529;31146888.205300048;0.5
901;1134591;0;0
902;1134591;0;0.05555555555555555
903;1134591;0;0.1111111111111111
904;1134591;0;0.16666666666666666
905;1134591;0;0.2222222222222222
906;1134591;0;0.2777777777777778
907;1134591;0;0.3333333333333333
908;1134591;0;0.38888888888888884
909;1134591;0;0.4444444444444444
910;1134591;0;0.5
911;1134591;3460765.3561444497;0
912;1134591;3460765.3561444497;0.05555555555555555
913;1134591;3460765.3561444497;0.1111111111111111
914;1134591;3460765.3561444497;0.16666666666666666
915;1134591;3460765.3561444497;0.2222222222222222
916;1134591;3460765.3561444497;0.2777777777777778
917;1134591;3460765.3561444497;0.3333333333333333
918;1134591;3460765.3561444497;0.38888888888888884
919;1134591;3460765.3561444497;0.4444444444444444
920;1134591;3460765.3561444497;0.5
921;1134591;6921530.712288899;0
922;1134591;6921530.712288899;0.05555555555555555
923;1134591;6921530.712288899;0.1111111111111111
924;1134591;6921530.712288899;0.16666666666666666
925;1134591;6921530.712288899;0.2222222222222222
926;1134591;6921530.712288899;0.2777777777777778
927;1134591;6921530.712288899;0.3333333333333333
928;1134591;6921530.712288899;0.38888888888888884
929;1134591;6921530.712288899;0.4444444444444444
930;1134591;6921530.712288899;0.5
931;1134591;10382296.068433348;0
932;1134591;10382296.068433348;0.05555555555555555
933;1134591;10382296.068433348;0.1111111111111111
934;1134591;10382296.068433348;0.16666666666666666
935;1134591;10382296.068433348;0.2222222222222222
936;1134591;10382296.068433348;0.2777777777777778
937;1134591;10382296.068433348;0.3333333333333333
938;1134591;10382296.068433348;0.38888888888888884
939;1134591;10382296.068433348;0.4444444444444444
940;1134591;10382296.068433348;0.5
941;1134591;13843061.424577799;0
942;1134591;13843061.424577799;0.05555555555555555
943;1134591;13843061.424577799;0.1111111111111111
944;1134591;13843061.424577799;0.16666666666666666
945;1134591;13843061.424577799;0.2222222222222222
946;1134591;13843061.424577799;0.2777777777777778
947;1134591;13843061.424577799;0.3333333333333333
948;1134591;13843061.424577799;0.38888888888888884
949;1134591;13843061.424577799;0.4444444444444444
950;1134591;13843061.424577799;0.5
951;1134591;17303826.78072225;0
952;1134591;17303826.78072225;0.05555555555555555
953;1134591;17303826.78072225;0.1111111111111111
954;1134591;17303826.78072225;0.16666666666666666
955;1134591;17303826.78072225;0.2222222222222222
956;1134591;17303826.78072225;0.2777777777777778
957;1134591;17303826.78072225;0.3333333333333333
958;1134591;17303826.78072225;0.38888888888888884
959;1134591;17303826.78072225;0.4444444444444444
960;1134591;17303826.78072225;0.5
961;1134591;20764592.136866696;0
962;1134591;20764592.136866696;0.05555555555555555
963;1134591;20764592.136866696;0.1111111111111111
964;1134591;20764592.136866696;0.16666666666666666
965;1134591;20764592.136866696;0.2222222222222222
966;1134591;20764592.136866696;0.2777777777777778
967;1134591;20764592.136866696;0.3333333333333333
968;1134591;20764592.136866696;0.38888888888888884
969;1134591;20764592.136866696;0.4444444444444444
970;1134591;20764592.136866696;0.5
971;1134591;24225357.493011147;0
972;1134591;24225357.493011147;0.05555555555555555
973;1134591;24225357.493011147;0.1111111111111111
974;1134591;24225357.493011147;0.16666666666666666
975;1134591;24225357.493011147;0.2222222222222222
976;1134591;24225357.493011147;0.2777777777777778
977;1134591;24225357.493011147;0.3333333333333333
978;1134591;24225357.493011147;0.38888888888888884
979;1134591;24225357.493011147;0.4444444444444444
980;1134591;24225357.493011147;0.5
981;1134591;27686122.849155597;0
982;1134591;27686122.849155597;0.05555555555555555
983;1134591;27686122.849155597;0.1111111111111111
984;1134591;27686122.849155597;0.16666666666666666
985;1134591;27686122.849155597;0.2222222222222222
986;1134591;27686122.849155597;0.2777777777777778
987;1134591;27686122.849155597;0.3333333333333333
988;1134591;27686122.849155597;0.38888888888888884
989;1134591;27686122.849155597;0.4444444444444444
990;1134591;27686122.849155597;0.5
991;1134591;31146888.205300048;0
992;1134591;31146888.205300048;0.05555555555555555
993;1134591;31146888.205300048;0.1111111111111111
994;1134591;31146888.205300048;0.16666666666666666
995;1134591;31146888.205300048;0.2222222222222222
996;1134591;31146888.205300048;0.2777777777777778
997;1134591;31146888.205300048;0.3333333333333333
998;1134591;31146888.205300048;0.38888888888888884
999;1134591;31146888.205300048;0.4444444444444444
1000;1134591;31146888.205300048;0.5
