1;939955;0;0
2;939955;0;0.04987777777777778
3;939955;0;0.09975555555555556
4;939955;0;0.14963333333333334
5;939955;0;0.1995111111111111
6;939955;0;0.24938888888888888
7;939955;0;0.2992666666666667
8;939955;0;0.3491444444444444
9;939955;0;0.3990222222222222
10;939955;0;0.4489
11;939955;1208934.111111111;0
12;939955;1208934.111111111;0.04987777777777778
13;939955;1208934.111111111;0.09975555555555556
14;939955;1208934.111111111;0.14963333333333334
15;939955;1208934.111111111;0.1995111111111111
16;939955;1208934.111111111;0.24938888888888888
17;939955;1208934.111111111;0.2992666666666667
18;939955;1208934.111111111;0.3491444444444444
19;939955;1208934.111111111;0.3990222222222222
20;939955;1208934.111111111;0.4489
21;939955;2417868.222222222;0
22;939955;2417868.222222222;0.04987777777777778
23;939955;2417868.222222222;0.09975555555555556
24;939955;2417868.222222222;0.14963333333333334
25;939955;2417868.222222222;0.1995111111111111
26;939955;2417868.222222222;0.24938888888888888
27;939955;2417868.222222222;0.2992666666666667
28;939955;2417868.222222222;0.3491444444444444
29;939955;2417868.222222222;0.3990222222222222
30;939955;2417868.222222222;0.4489
31;939955;3626802.333333333;0
32;939955;3626802.333333333;0.04987777777777778
33;939955;3626802.333333333;0.09975555555555556
34;939955;3626802.333333333;0.14963333333333334
35;939955;3626802.333333333;0.1995111111111111
36;939955;3626802.333333333;0.24938888888888888
37;939955;3626802.333333333;0.2992666666666667
38;939955;3626802.333333333;0.3491444444444444
39;939955;3626802.333333333;0.3990222222222222
40;939955;3626802.333333333;0.4489
41;939955;4835736.444444444;0
42;939955;4835736.444444444;0.04987777777777778
43;939955;4835736.444444444;0.09975555555555556
44;939955;4835736.444444444;0.14963333333333334
45;939955;4835736.444444444;0.1995111111111111
46;939955;4835736.444444444;0.24938888888888888
47;939955;4835736.444444444;0.2992666666666667
48;939955;4835736.444444444;0.3491444444444444
49;939955;4835736.444444444;0.3990222222222222
50;939955;4835736.444444444;0.4489
51;939955;6044670.555555555;0
52;939955;6044670.555555555;0.04987777777777778
53;939955;6044670.555555555;0.09975555555555556
54;939955;6044670.555555555;0.14963333333333334
55;939955;6044670.555555555;0.1995111111111111
56;939955;6044670.555555555;0.24938888888888888
57;939955;6044670.555555555;0.2992666666666667
58;939955;6044670.555555555;0.3491444444444444
59;939955;6044670.555555555;0.3990222222222222
60;939955;6044670.555555555;0.4489
61;939955;7253604.666666666;0
62;939955;7253604.666666666;0.04987777777777778
63;939955;7253604.666666666;0.09975555555555556
64;939955;7253604.666666666;0.14963333333333334
65;939955;7253604.666666666;0.1995111111111111
66;939955;7253604.666666666;0.24938888888888888
67;939955;7253604.666666666;0.2992666666666667
68;939955;7253604.666666666;0.3491444444444444
69;939955;7253604.666666666;0.3990222222222222
70;939955;7253604.666666666;0.4489
71;939955;8462538.777777776;0
72;939955;8462538.777777776;0.04987777777777778
73;939955;8462538.777777776;0.09975555555555556
74;939955;8462538.777777776;0.14963333333333334
75;939955;8462538.777777776;0.1995111111111111
76;939955;8462538.777777776;0.24938888888888888
77;939955;8462538.777777776;0.2992666666666667
78;939955;8462538.777777776;0.3491444444444444
79;939955;8462538.777777776;0.3990222222222222
80;939955;8462538.777777776;0.4489
81;939955;9671472.888888888;0
82;939955;9671472.888888888;0.04987777777777778
83;939955;9671472.888888888;0.09975555555555556
84;939955;9671472.888888888;0.14963333333333334
85;939955;9671472.888888888;0.1995111111111111
86;939955;9671472.888888888;0.24938888888888888
87;939955;9671472.888888888;0.2992666666666667
88;939955;9671472.888888888;0.3491444444444444
89;939955;9671472.888888888;0.3990222222222222
90;939955;9671472.888888888;0.4489
91;939955;10880407;0
92;939955;10880407;0.04987777777777778
93;939955;10880407;0.09975555555555556
94;939955;10880407;0.14963333333333334
95;939955;10880407;0.1995111111111111
96;939955;10880407;0.24938888888888888
97;939955;10880407;0.2992666666666667
98;939955;10880407;0.3491444444444444
99;939955;10880407;0.3990222222222222
100;939955;10880407;0.4489
101;897186;0;0
102;897186;0;0.04987777777777778
103;897186;0;0.09975555555555556
104;897186;0;0.14963333333333334
105;897186;0;0.1995111111111111
106;897186;0;0.24938888888888888
107;897186;0;0.2992666666666667
108;897186;0;0.3491444444444444
109;897186;0;0.3990222222222222
110;897186;0;0.4489
111;897186;1208934.111111111;0
112;897186;1208934.111111111;0.04987777777777778
113;897186;1208934.111111111;0.09975555555555556
114;897186;1208934.111111111;0.14963333333333334
115;897186;1208934.111111111;0.1995111111111111
116;897186;1208934.111111111;0.24938888888888888
117;897186;1208934.111111111;0.2992666666666667
118;897186;1208934.111111111;0.3491444444444444
119;897186;1208934.111111111;0.3990222222222222
120;897186;1208934.111111111;0.4489
121;897186;2417868.222222222;0
122;897186;2417868.222222222;0.04987777777777778
123;897186;2417868.222222222;0.09975555555555556
124;897186;2417868.222222222;0.14963333333333334
125;897186;2417868.222222222;0.1995111111111111
126;897186;2417868.222222222;0.24938888888888888
127;897186;2417868.222222222;0.2992666666666667
128;897186;2417868.222222222;0.3491444444444444
129;897186;2417868.222222222;0.3990222222222222
130;897186;2417868.222222222;0.4489
131;897186;3626802.333333333;0
132;897186;3626802.333333333;0.04987777777777778
133;897186;3626802.333333333;0.09975555555555556
134;897186;3626802.333333333;0.14963333333333334
135;897186;3626802.333333333;0.1995111111111111
136;897186;3626802.333333333;0.24938888888888888
137;897186;3626802.333333333;0.2992666666666667
138;897186;3626802.333333333;0.3491444444444444
139;897186;3626802.333333333;0.3990222222222222
140;897186;3626802.333333333;0.4489
141;897186;4835736.444444444;0
142;897186;4835736.444444444;0.04987777777777778
143;897186;4835736.444444444;0.09975555555555556
144;897186;4835736.444444444;0.14963333333333334
145;897186;4835736.444444444;0.1995111111111111
146;897186;4835736.444444444;0.24938888888888888
147;897186;4835736.444444444;0.2992666666666667
148;897186;4835736.444444444;0.3491444444444444
149;897186;4835736.444444444;0.3990222222222222
150;897186;4835736.444444444;0.4489
151;897186;6044670.555555555;0
152;897186;6044670.555555555;0.04987777777777778
153;897186;6044670.555555555;0.09975555555555556
154;897186;6044670.555555555;0.14963333333333334
155;897186;6044670.555555555;0.1995111111111111
156;897186;6044670.555555555;0.24938888888888888
157;897186;6044670.555555555;0.2992666666666667
158;897186;6044670.555555555;0.3491444444444444
159;897186;6044670.555555555;0.3990222222222222
160;897186;6044670.555555555;0.4489
161;897186;7253604.666666666;0
162;897186;7253604.666666666;0.04987777777777778
163;897186;7253604.666666666;0.09975555555555556
164;897186;7253604.666666666;0.14963333333333334
165;897186;7253604.666666666;0.1995111111111111
166;897186;7253604.666666666;0.24938888888888888
167;897186;7253604.666666666;0.2992666666666667
168;897186;7253604.666666666;0.3491444444444444
169;897186;7253604.666666666;0.3990222222222222
170;897186;7253604.666666666;0.4489
171;897186;8462538.777777776;0
172;897186;8462538.777777776;0.04987777777777778
173;897186;8462538.777777776;0.09975555555555556
174;897186;8462538.777777776;0.14963333333333334
175;897186;8462538.777777776;0.1995111111111111
176;897186;8462538.777777776;0.24938888888888888
177;897186;8462538.777777776;0.2992666666666667
178;897186;8462538.777777776;0.3491444444444444
179;897186;8462538.777777776;0.3990222222222222
180;897186;8462538.777777776;0.4489
181;897186;9671472.888888888;0
182;897186;9671472.888888888;0.04987777777777778
183;897186;9671472.888888888;0.09975555555555556
184;897186;9671472.888888888;0.14963333333333334
185;897186;9671472.888888888;0.1995111111111111
186;897186;9671472.888888888;0.24938888888888888
187;897186;9671472.888888888;0.2992666666666667
188;897186;9671472.888888888;0.3491444444444444
189;897186;9671472.888888888;0.3990222222222222
190;897186;9671472.888888888;0.4489
191;897186;10880407;0
192;897186;10880407;0.04987777777777778
193;897186;10880407;0.09975555555555556
194;897186;10880407;0.14963333333333334
195;897186;10880407;0.1995111111111111
196;897186;10880407;0.24938888888888888
197;897186;10880407;0.2992666666666667
198;897186;10880407;0.3491444444444444
199;897186;10880407;0.3990222222222222
200;897186;10880407;0.4489
201;854417;0;0
202;854417;0;0.04987777777777778
203;854417;0;0.09975555555555556
204;854417;0;0.14963333333333334
205;854417;0;0.1995111111111111
206;854417;0;0.24938888888888888
207;854417;0;0.2992666666666667
208;854417;0;0.3491444444444444
209;854417;0;0.3990222222222222
210;854417;0;0.4489
211;854417;1208934.111111111;0
212;854417;1208934.111111111;0.04987777777777778
213;854417;1208934.111111111;0.09975555555555556
214;854417;1208934.111111111;0.14963333333333334
215;854417;1208934.111111111;0.1995111111111111
216;854417;1208934.111111111;0.24938888888888888
217;854417;1208934.111111111;0.2992666666666667
218;854417;1208934.111111111;0.3491444444444444
219;854417;1208934.111111111;0.3990222222222222
220;854417;1208934.111111111;0.4489
221;854417;2417868.222222222;0
222;854417;2417868.222222222;0.04987777777777778
223;854417;2417868.222222222;0.09975555555555556
224;854417;2417868.222222222;0.14963333333333334
225;854417;2417868.222222222;0.1995111111111111
226;854417;2417868.222222222;0.24938888888888888
227;854417;2417868.222222222;0.2992666666666667
228;854417;2417868.222222222;0.3491444444444444
229;854417;2417868.222222222;0.3990222222222222
230;854417;2417868.222222222;0.4489
231;854417;3626802.333333333;0
232;854417;3626802.333333333;0.04987777777777778
233;854417;3626802.333333333;0.09975555555555556
234;854417;3626802.333333333;0.14963333333333334
235;854417;3626802.333333333;0.1995111111111111
236;854417;3626802.333333333;0.24938888888888888
237;854417;3626802.333333333;0.2992666666666667
238;854417;3626802.333333333;0.3491444444444444
239;854417;3626802.333333333;0.3990222222222222
240;854417;3626802.333333333;0.4489
241;854417;4835736.444444444;0
242;854417;4835736.444444444;0.04987777777777778
243;854417;4835736.444444444;0.09975555555555556
244;854417;4835736.444444444;0.14963333333333334
245;854417;4835736.444444444;0.1995111111111111
246;854417;4835736.444444444;0.24938888888888888
247;854417;4835736.444444444;0.2992666666666667
248;854417;4835736.444444444;0.3491444444444444
249;854417;4835736.444444444;0.3990222222222222
250;854417;4835736.444444444;0.4489
251;854417;6044670.555555555;0
252;854417;6044670.555555555;0.04987777777777778
253;854417;6044670.555555555;0.09975555555555556
254;854417;6044670.555555555;0.14963333333333334
255;854417;6044670.555555555;0.1995111111111111
256;854417;6044670.555555555;0.24938888888888888
257;854417;6044670.555555555;0.2992666666666667
258;854417;6044670.555555555;0.3491444444444444
259;854417;6044670.555555555;0.3990222222222222
260;854417;6044670.555555555;0.4489
261;854417;7253604.666666666;0
262;854417;7253604.666666666;0.04987777777777778
263;854417;7253604.666666666;0.09975555555555556
264;854417;7253604.666666666;0.14963333333333334
265;854417;7253604.666666666;0.1995111111111111
266;854417;7253604.666666666;0.24938888888888888
267;854417;7253604.666666666;0.2992666666666667
268;854417;7253604.666666666;0.3491444444444444
269;854417;7253604.666666666;0.3990222222222222
270;854417;7253604.666666666;0.4489
271;854417;8462538.777777776;0
272;854417;8462538.777777776;0.04987777777777778
273;854417;8462538.777777776;0.09975555555555556
274;854417;8462538.777777776;0.14963333333333334
275;854417;8462538.777777776;0.1995111111111111
276;854417;8462538.777777776;0.24938888888888888
277;854417;8462538.777777776;0.2992666666666667
278;854417;8462538.777777776;0.3491444444444444
279;854417;8462538.777777776;0.3990222222222222
280;854417;8462538.777777776;0.4489
281;854417;9671472.888888888;0
282;854417;9671472.888888888;0.04987777777777778
283;854417;9671472.888888888;0.09975555555555556
284;854417;9671472.888888888;0.14963333333333334
285;854417;9671472.888888888;0.1995111111111111
286;854417;9671472.888888888;0.24938888888888888
287;854417;9671472.888888888;0.2992666666666667
288;854417;9671472.888888888;0.3491444444444444
289;854417;9671472.888888888;0.3990222222222222
290;854417;9671472.888888888;0.4489
291;854417;10880407;0
292;854417;10880407;0.04987777777777778
293;854417;10880407;0.09975555555555556
294;854417;10880407;0.14963333333333334
295;854417;10880407;0.1995111111111111
296;854417;10880407;0.24938888888888888
297;854417;10880407;0.2992666666666667
298;854417;10880407;0.3491444444444444
299;854417;10880407;0.3990222222222222
300;854417;10880407;0.4489
301;811648;0;0
302;811648;0;0.04987777777777778
303;811648;0;0.09975555555555556
304;811648;0;0.14963333333333334
305;811648;0;0.1995111111111111
306;811648;0;0.24938888888888888
307;811648;0;0.2992666666666667
308;811648;0;0.3491444444444444
309;811648;0;0.3990222222222222
310;811648;0;0.4489
311;811648;1208934.111111111;0
312;811648;1208934.111111111;0.04987777777777778
313;811648;1208934.111111111;0.09975555555555556
314;811648;1208934.111111111;0.14963333333333334
315;811648;1208934.111111111;0.1995111111111111
316;811648;1208934.111111111;0.24938888888888888
317;811648;1208934.111111111;0.2992666666666667
318;811648;1208934.111111111;0.3491444444444444
319;811648;1208934.111111111;0.3990222222222222
320;811648;1208934.111111111;0.4489
321;811648;2417868.222222222;0
322;811648;2417868.222222222;0.04987777777777778
323;811648;2417868.222222222;0.09975555555555556
324;811648;2417868.222222222;0.14963333333333334
325;811648;2417868.222222222;0.1995111111111111
326;811648;2417868.222222222;0.24938888888888888
327;811648;2417868.222222222;0.2992666666666667
328;811648;2417868.222222222;0.3491444444444444
329;811648;2417868.222222222;0.3990222222222222
330;811648;2417868.222222222;0.4489
331;811648;3626802.333333333;0
332;811648;3626802.333333333;0.04987777777777778
333;811648;3626802.333333333;0.09975555555555556
334;811648;3626802.333333333;0.14963333333333334
335;811648;3626802.333333333;0.1995111111111111
336;811648;3626802.333333333;0.24938888888888888
337;811648;3626802.333333333;0.2992666666666667
338;811648;3626802.333333333;0.3491444444444444
339;811648;3626802.333333333;0.3990222222222222
340;811648;3626802.333333333;0.4489
341;811648;4835736.444444444;0
342;811648;4835736.444444444;0.04987777777777778
343;811648;4835736.444444444;0.09975555555555556
344;811648;4835736.444444444;0.14963333333333334
345;811648;4835736.444444444;0.1995111111111111
346;811648;4835736.444444444;0.24938888888888888
347;811648;4835736.444444444;0.2992666666666667
348;811648;4835736.444444444;0.3491444444444444
349;811648;4835736.444444444;0.3990222222222222
350;811648;4835736.444444444;0.4489
351;811648;6044670.555555555;0
352;811648;6044670.555555555;0.04987777777777778
353;811648;6044670.555555555;0.09975555555555556
354;811648;6044670.555555555;0.14963333333333334
355;811648;6044670.555555555;0.1995111111111111
356;811648;6044670.555555555;0.24938888888888888
357;811648;6044670.555555555;0.2992666666666667
358;811648;6044670.555555555;0.3491444444444444
359;811648;6044670.555555555;0.3990222222222222
360;811648;6044670.555555555;0.4489
361;811648;7253604.666666666;0
362;811648;7253604.666666666;0.04987777777777778
363;811648;7253604.666666666;0.09975555555555556
364;811648;7253604.666666666;0.14963333333333334
365;811648;7253604.666666666;0.1995111111111111
366;811648;7253604.666666666;0.24938888888888888
367;811648;7253604.666666666;0.2992666666666667
368;811648;7253604.666666666;0.3491444444444444
369;811648;7253604.666666666;0.3990222222222222
370;811648;7253604.666666666;0.4489
371;811648;8462538.777777776;0
372;811648;8462538.777777776;0.04987777777777778
373;811648;8462538.777777776;0.09975555555555556
374;811648;8462538.777777776;0.14963333333333334
375;811648;8462538.777777776;0.1995111111111111
376;811648;8462538.777777776;0.24938888888888888
377;811648;8462538.777777776;0.2992666666666667
378;811648;8462538.777777776;0.3491444444444444
379;811648;8462538.777777776;0.3990222222222222
380;811648;8462538.777777776;0.4489
381;811648;9671472.888888888;0
382;811648;9671472.888888888;0.04987777777777778
383;811648;9671472.888888888;0.09975555555555556
384;811648;9671472.888888888;0.14963333333333334
385;811648;9671472.888888888;0.1995111111111111
386;811648;9671472.888888888;0.24938888888888888
387;811648;9671472.888888888;0.2992666666666667
388;811648;9671472.888888888;0.3491444444444444
389;811648;9671472.888888888;0.3990222222222222
390;811648;9671472.888888888;0.4489
391;811648;10880407;0
392;811648;10880407;0.04987777777777778
393;811648;10880407;0.09975555555555556
394;811648;10880407;0.14963333333333334
395;811648;10880407;0.1995111111111111
396;811648;10880407;0.24938888888888888
397;811648;10880407;0.2992666666666667
398;811648;10880407;0.3491444444444444
399;811648;10880407;0.3990222222222222
400;811648;10880407;0.4489
401;768879;0;0
402;768879;0;0.04987777777777778
403;768879;0;0.09975555555555556
404;768879;0;0.14963333333333334
405;768879;0;0.1995111111111111
406;768879;0;0.24938888888888888
407;768879;0;0.2992666666666667
408;768879;0;0.3491444444444444
409;768879;0;0.3990222222222222
410;768879;0;0.4489
411;768879;1208934.111111111;0
412;768879;1208934.111111111;0.04987777777777778
413;768879;1208934.111111111;0.09975555555555556
414;768879;1208934.111111111;0.14963333333333334
415;768879;1208934.111111111;0.1995111111111111
416;768879;1208934.111111111;0.24938888888888888
417;768879;1208934.111111111;0.2992666666666667
418;768879;1208934.111111111;0.3491444444444444
419;768879;1208934.111111111;0.3990222222222222
420;768879;1208934.111111111;0.4489
421;768879;2417868.222222222;0
422;768879;2417868.222222222;0.04987777777777778
423;768879;2417868.222222222;0.09975555555555556
424;768879;2417868.222222222;0.14963333333333334
425;768879;2417868.222222222;0.1995111111111111
426;768879;2417868.222222222;0.24938888888888888
427;768879;2417868.222222222;0.2992666666666667
428;768879;2417868.222222222;0.3491444444444444
429;768879;2417868.222222222;0.3990222222222222
430;768879;2417868.222222222;0.4489
431;768879;3626802.333333333;0
432;768879;3626802.333333333;0.04987777777777778
433;768879;3626802.333333333;0.09975555555555556
434;768879;3626802.333333333;0.14963333333333334
435;768879;3626802.333333333;0.1995111111111111
436;768879;3626802.333333333;0.24938888888888888
437;768879;3626802.333333333;0.2992666666666667
438;768879;3626802.333333333;0.3491444444444444
439;768879;3626802.333333333;0.3990222222222222
440;768879;3626802.333333333;0.4489
441;768879;4835736.444444444;0
442;768879;4835736.444444444;0.04987777777777778
443;768879;4835736.444444444;0.09975555555555556
444;768879;4835736.444444444;0.14963333333333334
445;768879;4835736.444444444;0.1995111111111111
446;768879;4835736.444444444;0.24938888888888888
447;768879;4835736.444444444;0.2992666666666667
448;768879;4835736.444444444;0.3491444444444444
449;768879;4835736.444444444;0.3990222222222222
450;768879;4835736.444444444;0.4489
451;768879;6044670.555555555;0
452;768879;6044670.555555555;0.04987777777777778
453;768879;6044670.555555555;0.09975555555555556
454;768879;6044670.555555555;0.14963333333333334
455;768879;6044670.555555555;0.1995111111111111
456;768879;6044670.555555555;0.24938888888888888
457;768879;6044670.555555555;0.2992666666666667
458;768879;6044670.555555555;0.3491444444444444
459;768879;6044670.555555555;0.3990222222222222
460;768879;6044670.555555555;0.4489
461;768879;7253604.666666666;0
462;768879;7253604.666666666;0.04987777777777778
463;768879;7253604.666666666;0.09975555555555556
464;768879;7253604.666666666;0.14963333333333334
465;768879;7253604.666666666;0.1995111111111111
466;768879;7253604.666666666;0.24938888888888888
467;768879;7253604.666666666;0.2992666666666667
468;768879;7253604.666666666;0.3491444444444444
469;768879;7253604.666666666;0.3990222222222222
470;768879;7253604.666666666;0.4489
471;768879;8462538.777777776;0
472;768879;8462538.777777776;0.04987777777777778
473;768879;8462538.777777776;0.09975555555555556
474;768879;8462538.777777776;0.14963333333333334
475;768879;8462538.777777776;0.1995111111111111
476;768879;8462538.777777776;0.24938888888888888
477;768879;8462538.777777776;0.2992666666666667
478;768879;8462538.777777776;0.3491444444444444
479;768879;8462538.777777776;0.3990222222222222
480;768879;8462538.777777776;0.4489
481;768879;9671472.888888888;0
482;768879;9671472.888888888;0.04987777777777778
483;768879;9671472.888888888;0.09975555555555556
484;768879;9671472.888888888;0.14963333333333334
485;768879;9671472.888888888;0.1995111111111111
486;768879;9671472.888888888;0.24938888888888888
487;768879;9671472.888888888;0.2992666666666667
488;768879;9671472.888888888;0.3491444444444444
489;768879;9671472.888888888;0.3990222222222222
490;768879;9671472.888888888;0.4489
491;768879;10880407;0
492;768879;10880407;0.04987777777777778
493;768879;10880407;0.09975555555555556
494;768879;10880407;0.14963333333333334
495;768879;10880407;0.1995111111111111
496;768879;10880407;0.24938888888888888
497;768879;10880407;0.2992666666666667
498;768879;10880407;0.3491444444444444
499;768879;10880407;0.3990222222222222
500;768879;10880407;0.4489
501;726110;0;0
502;726110;0;0.04987777777777778
503;726110;0;0.09975555555555556
504;726110;0;0.14963333333333334
505;726110;0;0.1995111111111111
506;726110;0;0.24938888888888888
507;726110;0;0.2992666666666667
508;726110;0;0.3491444444444444
509;726110;0;0.3990222222222222
510;726110;0;0.4489
511;726110;1208934.111111111;0
512;726110;1208934.111111111;0.04987777777777778
513;726110;1208934.111111111;0.09975555555555556
514;726110;1208934.111111111;0.14963333333333334
515;726110;1208934.111111111;0.1995111111111111
516;726110;1208934.111111111;0.24938888888888888
517;726110;1208934.111111111;0.2992666666666667
518;726110;1208934.111111111;0.3491444444444444
519;726110;1208934.111111111;0.3990222222222222
520;726110;1208934.111111111;0.4489
521;726110;2417868.222222222;0
522;726110;2417868.222222222;0.04987777777777778
523;726110;2417868.222222222;0.09975555555555556
524;726110;2417868.222222222;0.14963333333333334
525;726110;2417868.222222222;0.1995111111111111
526;726110;2417868.222222222;0.24938888888888888
527;726110;2417868.222222222;0.2992666666666667
528;726110;2417868.222222222;0.3491444444444444
529;726110;2417868.222222222;0.3990222222222222
530;726110;2417868.222222222;0.4489
531;726110;3626802.333333333;0
532;726110;3626802.333333333;0.04987777777777778
533;726110;3626802.333333333;0.09975555555555556
534;726110;3626802.333333333;0.14963333333333334
535;726110;3626802.333333333;0.1995111111111111
536;726110;3626802.333333333;0.24938888888888888
537;726110;3626802.333333333;0.2992666666666667
538;726110;3626802.333333333;0.3491444444444444
539;726110;3626802.333333333;0.3990222222222222
540;726110;3626802.333333333;0.4489
541;726110;4835736.444444444;0
542;726110;4835736.444444444;0.04987777777777778
543;726110;4835736.444444444;0.09975555555555556
544;726110;4835736.444444444;0.14963333333333334
545;726110;4835736.444444444;0.1995111111111111
546;726110;4835736.444444444;0.24938888888888888
547;726110;4835736.444444444;0.2992666666666667
548;726110;4835736.444444444;0.3491444444444444
549;726110;4835736.444444444;0.3990222222222222
550;726110;4835736.444444444;0.4489
551;726110;6044670.555555555;0
552;726110;6044670.555555555;0.04987777777777778
553;726110;6044670.555555555;0.09975555555555556
554;726110;6044670.555555555;0.14963333333333334
555;726110;6044670.555555555;0.1995111111111111
556;726110;6044670.555555555;0.24938888888888888
557;726110;6044670.555555555;0.2992666666666667
558;726110;6044670.555555555;0.3491444444444444
559;726110;6044670.555555555;0.3990222222222222
560;726110;6044670.555555555;0.4489
561;726110;7253604.666666666;0
562;726110;7253604.666666666;0.04987777777777778
563;726110;7253604.666666666;0.09975555555555556
564;726110;7253604.666666666;0.14963333333333334
565;726110;7253604.666666666;0.1995111111111111
566;726110;7253604.666666666;0.24938888888888888
567;726110;7253604.666666666;0.2992666666666667
568;726110;7253604.666666666;0.3491444444444444
569;726110;7253604.666666666;0.3990222222222222
570;726110;7253604.666666666;0.4489
571;726110;8462538.777777776;0
572;726110;8462538.777777776;0.04987777777777778
573;726110;8462538.777777776;0.09975555555555556
574;726110;8462538.777777776;0.14963333333333334
575;726110;8462538.777777776;0.1995111111111111
576;726110;8462538.777777776;0.24938888888888888
577;726110;8462538.777777776;0.2992666666666667
578;726110;8462538.777777776;0.3491444444444444
579;726110;8462538.777777776;0.3990222222222222
580;726110;8462538.777777776;0.4489
581;726110;9671472.888888888;0
582;726110;9671472.888888888;0.04987777777777778
583;726110;9671472.888888888;0.09975555555555556
584;726110;9671472.888888888;0.14963333333333334
585;726110;9671472.888888888;0.1995111111111111
586;726110;9671472.888888888;0.24938888888888888
587;726110;9671472.888888888;0.2992666666666667
588;726110;9671472.888888888;0.3491444444444444
589;726110;9671472.888888888;0.3990222222222222
590;726110;9671472.888888888;0.4489
591;726110;10880407;0
592;726110;10880407;0.04987777777777778
593;726110;10880407;0.09975555555555556
594;726110;10880407;0.14963333333333334
595;726110;10880407;0.1995111111111111
596;726110;10880407;0.24938888888888888
597;726110;10880407;0.2992666666666667
598;726110;10880407;0.3491444444444444
599;726110;10880407;0.3990222222222222
600;726110;10880407;0.4489
601;683341;0;0
602;683341;0;0.04987777777777778
603;683341;0;0.09975555555555556
604;683341;0;0.14963333333333334
605;683341;0;0.1995111111111111
606;683341;0;0.24938888888888888
607;683341;0;0.2992666666666667
608;683341;0;0.3491444444444444
609;683341;0;0.3990222222222222
610;683341;0;0.4489
611;683341;1208934.111111111;0
612;683341;1208934.111111111;0.04987777777777778
613;683341;1208934.111111111;0.09975555555555556
614;683341;1208934.111111111;0.14963333333333334
615;683341;1208934.111111111;0.1995111111111111
616;683341;1208934.111111111;0.24938888888888888
617;683341;1208934.111111111;0.2992666666666667
618;683341;1208934.111111111;0.3491444444444444
619;683341;1208934.111111111;0.3990222222222222
620;683341;1208934.111111111;0.4489
621;683341;2417868.222222222;0
622;683341;2417868.222222222;0.04987777777777778
623;683341;2417868.222222222;0.09975555555555556
624;683341;2417868.222222222;0.14963333333333334
625;683341;2417868.222222222;0.1995111111111111
626;683341;2417868.222222222;0.24938888888888888
627;683341;2417868.222222222;0.2992666666666667
628;683341;2417868.222222222;0.3491444444444444
629;683341;2417868.222222222;0.3990222222222222
630;683341;2417868.222222222;0.4489
631;683341;3626802.333333333;0
632;683341;3626802.333333333;0.04987777777777778
633;683341;3626802.333333333;0.09975555555555556
634;683341;3626802.333333333;0.14963333333333334
635;683341;3626802.333333333;0.1995111111111111
636;683341;3626802.333333333;0.24938888888888888
637;683341;3626802.333333333;0.2992666666666667
638;683341;3626802.333333333;0.3491444444444444
639;683341;3626802.333333333;0.3990222222222222
640;683341;3626802.333333333;0.4489
641;683341;4835736.444444444;0
642;683341;4835736.444444444;0.04987777777777778
643;683341;4835736.444444444;0.09975555555555556
644;683341;4835736.444444444;0.14963333333333334
645;683341;4835736.444444444;0.1995111111111111
646;683341;4835736.444444444;0.24938888888888888
647;683341;4835736.444444444;0.2992666666666667
648;683341;4835736.444444444;0.3491444444444444
649;683341;4835736.444444444;0.3990222222222222
650;683341;4835736.444444444;0.4489
651;683341;6044670.555555555;0
652;683341;6044670.555555555;0.04987777777777778
653;683341;6044670.555555555;0.09975555555555556
654;683341;6044670.555555555;0.14963333333333334
655;683341;6044670.555555555;0.1995111111111111
656;683341;6044670.555555555;0.24938888888888888
657;683341;6044670.555555555;0.2992666666666667
658;683341;6044670.555555555;0.3491444444444444
659;683341;6044670.555555555;0.3990222222222222
660;683341;6044670.555555555;0.4489
661;683341;7253604.666666666;0
662;683341;7253604.666666666;0.04987777777777778
663;683341;7253604.666666666;0.09975555555555556
664;683341;7253604.666666666;0.14963333333333334
665;683341;7253604.666666666;0.1995111111111111
666;683341;7253604.666666666;0.24938888888888888
667;683341;7253604.666666666;0.2992666666666667
668;683341;7253604.666666666;0.3491444444444444
669;683341;7253604.666666666;0.3990222222222222
670;683341;7253604.666666666;0.4489
671;683341;8462538.777777776;0
672;683341;8462538.777777776;0.04987777777777778
673;683341;8462538.777777776;0.09975555555555556
674;683341;8462538.777777776;0.14963333333333334
675;683341;8462538.777777776;0.1995111111111111
676;683341;8462538.777777776;0.24938888888888888
677;683341;8462538.777777776;0.2992666666666667
678;683341;8462538.777777776;0.3491444444444444
679;683341;8462538.777777776;0.3990222222222222
680;683341;8462538.777777776;0.4489
681;683341;9671472.888888888;0
682;683341;9671472.888888888;0.04987777777777778
683;683341;9671472.888888888;0.09975555555555556
684;683341;9671472.888888888;0.14963333333333334
685;683341;9671472.888888888;0.1995111111111111
686;683341;9671472.888888888;0.24938888888888888
687;683341;9671472.888888888;0.2992666666666667
688;683341;9671472.888888888;0.3491444444444444
689;683341;9671472.888888888;0.3990222222222222
690;683341;9671472.888888888;0.4489
691;683341;10880407;0
692;683341;10880407;0.04987777777777778
693;683341;10880407;0.09975555555555556
694;683341;10880407;0.14963333333333334
695;683341;10880407;0.1995111111111111
696;683341;10880407;0.24938888888888888
697;683341;10880407;0.2992666666666667
698;683341;10880407;0.3491444444444444
699;683341;10880407;0.3990222222222222
700;683341;10880407;0.4489
701;640572;0;0
702;640572;0;0.04987777777777778
703;640572;0;0.09975555555555556
704;640572;0;0.14963333333333334
705;640572;0;0.1995111111111111
706;640572;0;0.24938888888888888
707;640572;0;0.2992666666666667
708;640572;0;0.3491444444444444
709;640572;0;0.3990222222222222
710;640572;0;0.4489
711;640572;1208934.111111111;0
712;640572;1208934.111111111;0.04987777777777778
713;640572;1208934.111111111;0.09975555555555556
714;640572;1208934.111111111;0.14963333333333334
715;640572;1208934.111111111;0.1995111111111111
716;640572;1208934.111111111;0.24938888888888888
717;640572;1208934.111111111;0.2992666666666667
718;640572;1208934.111111111;0.3491444444444444
719;640572;1208934.111111111;0.3990222222222222
720;640572;1208934.111111111;0.4489
721;640572;2417868.222222222;0
722;640572;2417868.222222222;0.04987777777777778
723;640572;2417868.222222222;0.09975555555555556
724;640572;2417868.222222222;0.14963333333333334
725;640572;2417868.222222222;0.1995111111111111
726;640572;2417868.222222222;0.24938888888888888
727;640572;2417868.222222222;0.2992666666666667
728;640572;2417868.222222222;0.3491444444444444
729;640572;2417868.222222222;0.3990222222222222
730;640572;2417868.222222222;0.4489
731;640572;3626802.333333333;0
732;640572;3626802.333333333;0.04987777777777778
733;640572;3626802.333333333;0.09975555555555556
734;640572;3626802.333333333;0.14963333333333334
735;640572;3626802.333333333;0.1995111111111111
736;640572;3626802.333333333;0.24938888888888888
737;640572;3626802.333333333;0.2992666666666667
738;640572;3626802.333333333;0.3491444444444444
739;640572;3626802.333333333;0.3990222222222222
740;640572;3626802.333333333;0.4489
741;640572;4835736.444444444;0
742;640572;4835736.444444444;0.04987777777777778
743;640572;4835736.444444444;0.09975555555555556
744;640572;4835736.444444444;0.14963333333333334
745;640572;4835736.444444444;0.1995111111111111
746;640572;4835736.444444444;0.24938888888888888
747;640572;4835736.444444444;0.2992666666666667
748;640572;4835736.444444444;0.3491444444444444
749;640572;4835736.444444444;0.3990222222222222
750;640572;4835736.444444444;0.4489
751;640572;6044670.555555555;0
752;640572;6044670.555555555;0.04987777777777778
753;640572;6044670.555555555;0.09975555555555556
754;640572;6044670.555555555;0.14963333333333334
755;640572;6044670.555555555;0.1995111111111111
756;640572;6044670.555555555;0.24938888888888888
757;640572;6044670.555555555;0.2992666666666667
758;640572;6044670.555555555;0.3491444444444444
759;640572;6044670.555555555;0.3990222222222222
760;640572;6044670.555555555;0.4489
761;640572;7253604.666666666;0
762;640572;7253604.666666666;0.04987777777777778
763;640572;7253604.666666666;0.09975555555555556
764;640572;7253604.666666666;0.14963333333333334
765;640572;7253604.666666666;0.1995111111111111
766;640572;7253604.666666666;0.24938888888888888
767;640572;7253604.666666666;0.2992666666666667
768;640572;7253604.666666666;0.3491444444444444
769;640572;7253604.666666666;0.3990222222222222
770;640572;7253604.666666666;0.4489
771;640572;8462538.777777776;0
772;640572;8462538.777777776;0.04987777777777778
773;640572;8462538.777777776;0.09975555555555556
774;640572;8462538.777777776;0.14963333333333334
775;640572;8462538.777777776;0.1995111111111111
776;640572;8462538.777777776;0.24938888888888888
777;640572;8462538.777777776;0.2992666666666667
778;640572;8462538.777777776;0.3491444444444444
779;640572;8462538.777777776;0.3990222222222222
780;640572;8462538.777777776;0.4489
781;640572;9671472.888888888;0
782;640572;9671472.888888888;0.04987777777777778
783;640572;9671472.888888888;0.09975555555555556
784;640572;9671472.888888888;0.14963333333333334
785;640572;9671472.888888888;0.1995111111111111
786;640572;9671472.888888888;0.24938888888888888
787;640572;9671472.888888888;0.2992666666666667
788;640572;9671472.888888888;0.3491444444444444
789;640572;9671472.888888888;0.3990222222222222
790;640572;9671472.888888888;0.4489
791;640572;10880407;0
792;640572;10880407;0.04987777777777778
793;640572;10880407;0.09975555555555556
794;640572;10880407;0.14963333333333334
795;640572;10880407;0.1995111111111111
796;640572;10880407;0.24938888888888888
797;640572;10880407;0.2992666666666667
798;640572;10880407;0.3491444444444444
799;640572;10880407;0.3990222222222222
800;640572;10880407;0.4489
801;597803;0;0
802;597803;0;0.04987777777777778
803;597803;0;0.09975555555555556
804;597803;0;0.14963333333333334
805;597803;0;0.1995111111111111
806;597803;0;0.24938888888888888
807;597803;0;0.2992666666666667
808;597803;0;0.3491444444444444
809;597803;0;0.3990222222222222
810;597803;0;0.4489
811;597803;1208934.111111111;0
812;597803;1208934.111111111;0.04987777777777778
813;597803;1208934.111111111;0.09975555555555556
814;597803;1208934.111111111;0.14963333333333334
815;597803;1208934.111111111;0.1995111111111111
816;597803;1208934.111111111;0.24938888888888888
817;597803;1208934.111111111;0.2992666666666667
818;597803;1208934.111111111;0.3491444444444444
819;597803;1208934.111111111;0.3990222222222222
820;597803;1208934.111111111;0.4489
821;597803;2417868.222222222;0
822;597803;2417868.222222222;0.04987777777777778
823;597803;2417868.222222222;0.09975555555555556
824;597803;2417868.222222222;0.14963333333333334
825;597803;2417868.222222222;0.1995111111111111
826;597803;2417868.222222222;0.24938888888888888
827;597803;2417868.222222222;0.2992666666666667
828;597803;2417868.222222222;0.3491444444444444
829;597803;2417868.222222222;0.3990222222222222
830;597803;2417868.222222222;0.4489
831;597803;3626802.333333333;0
832;597803;3626802.333333333;0.04987777777777778
833;597803;3626802.333333333;0.09975555555555556
834;597803;3626802.333333333;0.14963333333333334
835;597803;3626802.333333333;0.1995111111111111
836;597803;3626802.333333333;0.24938888888888888
837;597803;3626802.333333333;0.2992666666666667
838;597803;3626802.333333333;0.3491444444444444
839;597803;3626802.333333333;0.3990222222222222
840;597803;3626802.333333333;0.4489
841;597803;4835736.444444444;0
842;597803;4835736.444444444;0.04987777777777778
843;597803;4835736.444444444;0.09975555555555556
844;597803;4835736.444444444;0.14963333333333334
845;597803;4835736.444444444;0.1995111111111111
846;597803;4835736.444444444;0.24938888888888888
847;597803;4835736.444444444;0.2992666666666667
848;597803;4835736.444444444;0.3491444444444444
849;597803;4835736.444444444;0.3990222222222222
850;597803;4835736.444444444;0.4489
851;597803;6044670.555555555;0
852;597803;6044670.555555555;0.04987777777777778
853;597803;6044670.555555555;0.09975555555555556
854;597803;6044670.555555555;0.14963333333333334
855;597803;6044670.555555555;0.1995111111111111
856;597803;6044670.555555555;0.24938888888888888
857;597803;6044670.555555555;0.2992666666666667
858;597803;6044670.555555555;0.3491444444444444
859;597803;6044670.555555555;0.3990222222222222
860;597803;6044670.555555555;0.4489
861;597803;7253604.666666666;0
862;597803;7253604.666666666;0.04987777777777778
863;597803;7253604.666666666;0.09975555555555556
864;597803;7253604.666666666;0.14963333333333334
865;597803;7253604.666666666;0.1995111111111111
866;597803;7253604.666666666;0.24938888888888888
867;597803;7253604.666666666;0.2992666666666667
868;597803;7253604.666666666;0.3491444444444444
869;597803;7253604.666666666;0.3990222222222222
870;597803;7253604.666666666;0.4489
871;597803;8462538.777777776;0
872;597803;8462538.777777776;0.04987777777777778
873;597803;8462538.777777776;0.09975555555555556
874;597803;8462538.777777776;0.14963333333333334
875;597803;8462538.777777776;0.1995111111111111
876;597803;8462538.777777776;0.24938888888888888
877;597803;8462538.777777776;0.2992666666666667
878;597803;8462538.777777776;0.3491444444444444
879;597803;8462538.777777776;0.3990222222222222
880;597803;8462538.777777776;0.4489
881;597803;9671472.888888888;0
882;597803;9671472.888888888;0.04987777777777778
883;597803;9671472.888888888;0.09975555555555556
884;597803;9671472.888888888;0.14963333333333334
885;597803;9671472.888888888;0.1995111111111111
886;597803;9671472.888888888;0.24938888888888888
887;597803;9671472.888888888;0.2992666666666667
888;597803;9671472.888888888;0.3491444444444444
889;597803;9671472.888888888;0.3990222222222222
890;597803;9671472.888888888;0.4489
891;597803;10880407;0
892;597803;10880407;0.04987777777777778
893;597803;10880407;0.09975555555555556
894;597803;10880407;0.14963333333333334
895;597803;10880407;0.1995111111111111
896;597803;10880407;0.24938888888888888
897;597803;10880407;0.2992666666666667
898;597803;10880407;0.3491444444444444
899;597803;10880407;0.3990222222222222
900;597803;10880407;0.4489
901;555035;0;0
902;555035;0;0.04987777777777778
903;555035;0;0.09975555555555556
904;555035;0;0.14963333333333334
905;555035;0;0.1995111111111111
906;555035;0;0.24938888888888888
907;555035;0;0.2992666666666667
908;555035;0;0.3491444444444444
909;555035;0;0.3990222222222222
910;555035;0;0.4489
911;555035;1208934.111111111;0
912;555035;1208934.111111111;0.04987777777777778
913;555035;1208934.111111111;0.09975555555555556
914;555035;1208934.111111111;0.14963333333333334
915;555035;1208934.111111111;0.1995111111111111
916;555035;1208934.111111111;0.24938888888888888
917;555035;1208934.111111111;0.2992666666666667
918;555035;1208934.111111111;0.3491444444444444
919;555035;1208934.111111111;0.3990222222222222
920;555035;1208934.111111111;0.4489
921;555035;2417868.222222222;0
922;555035;2417868.222222222;0.04987777777777778
923;555035;2417868.222222222;0.09975555555555556
924;555035;2417868.222222222;0.14963333333333334
925;555035;2417868.222222222;0.1995111111111111
926;555035;2417868.222222222;0.24938888888888888
927;555035;2417868.222222222;0.2992666666666667
928;555035;2417868.222222222;0.3491444444444444
929;555035;2417868.222222222;0.3990222222222222
930;555035;2417868.222222222;0.4489
931;555035;3626802.333333333;0
932;555035;3626802.333333333;0.04987777777777778
933;555035;3626802.333333333;0.09975555555555556
934;555035;3626802.333333333;0.14963333333333334
935;555035;3626802.333333333;0.1995111111111111
936;555035;3626802.333333333;0.24938888888888888
937;555035;3626802.333333333;0.2992666666666667
938;555035;3626802.333333333;0.3491444444444444
939;555035;3626802.333333333;0.3990222222222222
940;555035;3626802.333333333;0.4489
941;555035;4835736.444444444;0
942;555035;4835736.444444444;0.04987777777777778
943;555035;4835736.444444444;0.09975555555555556
944;555035;4835736.444444444;0.14963333333333334
945;555035;4835736.444444444;0.1995111111111111
946;555035;4835736.444444444;0.24938888888888888
947;555035;4835736.444444444;0.2992666666666667
948;555035;4835736.444444444;0.3491444444444444
949;555035;4835736.444444444;0.3990222222222222
950;555035;4835736.444444444;0.4489
951;555035;6044670.555555555;0
952;555035;6044670.555555555;0.04987777777777778
953;555035;6044670.555555555;0.09975555555555556
954;555035;6044670.555555555;0.14963333333333334
955;555035;6044670.555555555;0.1995111111111111
956;555035;6044670.555555555;0.24938888888888888
957;555035;6044670.555555555;0.2992666666666667
958;555035;6044670.555555555;0.3491444444444444
959;555035;6044670.555555555;0.3990222222222222
960;555035;6044670.555555555;0.4489
961;555035;7253604.666666666;0
962;555035;7253604.666666666;0.04987777777777778
963;555035;7253604.666666666;0.09975555555555556
964;555035;7253604.666666666;0.14963333333333334
965;555035;7253604.666666666;0.1995111111111111
966;555035;7253604.666666666;0.24938888888888888
967;555035;7253604.666666666;0.2992666666666667
968;555035;7253604.666666666;0.3491444444444444
969;555035;7253604.666666666;0.3990222222222222
970;555035;7253604.666666666;0.4489
971;555035;8462538.777777776;0
972;555035;8462538.777777776;0.04987777777777778
973;555035;8462538.777777776;0.09975555555555556
974;555035;8462538.777777776;0.14963333333333334
975;555035;8462538.777777776;0.1995111111111111
976;555035;8462538.777777776;0.24938888888888888
977;555035;8462538.777777776;0.2992666666666667
978;555035;8462538.777777776;0.3491444444444444
979;555035;8462538.777777776;0.3990222222222222
980;555035;8462538.777777776;0.4489
981;555035;9671472.888888888;0
982;555035;9671472.888888888;0.04987777777777778
983;555035;9671472.888888888;0.09975555555555556
984;555035;9671472.888888888;0.14963333333333334
985;555035;9671472.888888888;0.1995111111111111
986;555035;9671472.888888888;0.24938888888888888
987;555035;9671472.888888888;0.2992666666666667
988;555035;9671472.888888888;0.3491444444444444
989;555035;9671472.888888888;0.3990222222222222
990;555035;9671472.888888888;0.4489
991;555035;10880407;0
992;555035;10880407;0.04987777777777778
993;555035;10880407;0.09975555555555556
994;555035;10880407;0.14963333333333334
995;555035;10880407;0.1995111111111111
996;555035;10880407;0.24938888888888888
997;555035;10880407;0.2992666666666667
998;555035;10880407;0.3491444444444444
999;555035;10880407;0.3990222222222222
1000;555035;10880407;0.4489
