1;1738251;0;0
2;1738251;0;0.049933333333333337
3;1738251;0;0.09986666666666667
4;1738251;0;0.14980000000000002
5;1738251;0;0.19973333333333335
6;1738251;0;0.24966666666666668
7;1738251;0;0.29960000000000003
8;1738251;0;0.34953333333333336
9;1738251;0;0.3994666666666667
10;1738251;0;0.4494
11;1738251;2221615.111111111;0
12;1738251;2221615.111111111;0.049933333333333337
13;1738251;2221615.111111111;0.09986666666666667
14;1738251;2221615.111111111;0.14980000000000002
15;1738251;2221615.111111111;0.19973333333333335
16;1738251;2221615.111111111;0.24966666666666668
17;1738251;2221615.111111111;0.29960000000000003
18;1738251;2221615.111111111;0.34953333333333336
19;1738251;2221615.111111111;0.3994666666666667
20;1738251;2221615.111111111;0.4494
21;1738251;4443230.222222222;0
22;1738251;4443230.222222222;0.049933333333333337
23;1738251;4443230.222222222;0.09986666666666667
24;1738251;4443230.222222222;0.14980000000000002
25;1738251;4443230.222222222;0.19973333333333335
26;1738251;4443230.222222222;0.24966666666666668
27;1738251;4443230.222222222;0.29960000000000003
28;1738251;4443230.222222222;0.34953333333333336
29;1738251;4443230.222222222;0.3994666666666667
30;1738251;4443230.222222222;0.4494
31;1738251;6664845.333333333;0
32;1738251;6664845.333333333;0.049933333333333337
33;1738251;6664845.333333333;0.09986666666666667
34;1738251;6664845.333333333;0.14980000000000002
35;1738251;6664845.333333333;0.19973333333333335
36;1738251;6664845.333333333;0.24966666666666668
37;1738251;6664845.333333333;0.29960000000000003
38;1738251;6664845.333333333;0.34953333333333336
39;1738251;6664845.333333333;0.3994666666666667
40;1738251;6664845.333333333;0.4494
41;1738251;8886460.444444444;0
42;1738251;8886460.444444444;0.049933333333333337
43;1738251;8886460.444444444;0.09986666666666667
44;1738251;8886460.444444444;0.14980000000000002
45;1738251;8886460.444444444;0.19973333333333335
46;1738251;8886460.444444444;0.24966666666666668
47;1738251;8886460.444444444;0.29960000000000003
48;1738251;8886460.444444444;0.34953333333333336
49;1738251;8886460.444444444;0.3994666666666667
50;1738251;8886460.444444444;0.4494
51;1738251;11108075.555555556;0
52;1738251;11108075.555555556;0.049933333333333337
53;1738251;11108075.555555556;0.09986666666666667
54;1738251;11108075.555555556;0.14980000000000002
55;1738251;11108075.555555556;0.19973333333333335
56;1738251;11108075.555555556;0.24966666666666668
57;1738251;11108075.555555556;0.29960000000000003
58;1738251;11108075.555555556;0.34953333333333336
59;1738251;11108075.555555556;0.3994666666666667
60;1738251;11108075.555555556;0.4494
61;1738251;13329690.666666666;0
62;1738251;13329690.666666666;0.049933333333333337
63;1738251;13329690.666666666;0.09986666666666667
64;1738251;13329690.666666666;0.14980000000000002
65;1738251;13329690.666666666;0.19973333333333335
66;1738251;13329690.666666666;0.24966666666666668
67;1738251;13329690.666666666;0.29960000000000003
68;1738251;13329690.666666666;0.34953333333333336
69;1738251;13329690.666666666;0.3994666666666667
70;1738251;13329690.666666666;0.4494
71;1738251;15551305.777777776;0
72;1738251;15551305.777777776;0.049933333333333337
73;1738251;15551305.777777776;0.09986666666666667
74;1738251;15551305.777777776;0.14980000000000002
75;1738251;15551305.777777776;0.19973333333333335
76;1738251;15551305.777777776;0.24966666666666668
77;1738251;15551305.777777776;0.29960000000000003
78;1738251;15551305.777777776;0.34953333333333336
79;1738251;15551305.777777776;0.3994666666666667
80;1738251;15551305.777777776;0.4494
81;1738251;17772920.888888888;0
82;1738251;17772920.888888888;0.049933333333333337
83;1738251;17772920.888888888;0.09986666666666667
84;1738251;17772920.888888888;0.14980000000000002
85;1738251;17772920.888888888;0.19973333333333335
86;1738251;17772920.888888888;0.24966666666666668
87;1738251;17772920.888888888;0.29960000000000003
88;1738251;17772920.888888888;0.34953333333333336
89;1738251;17772920.888888888;0.3994666666666667
90;1738251;17772920.888888888;0.4494
91;1738251;19994536;0
92;1738251;19994536;0.049933333333333337
93;1738251;19994536;0.09986666666666667
94;1738251;19994536;0.14980000000000002
95;1738251;19994536;0.19973333333333335
96;1738251;19994536;0.24966666666666668
97;1738251;19994536;0.29960000000000003
98;1738251;19994536;0.34953333333333336
99;1738251;19994536;0.3994666666666667
100;1738251;19994536;0.4494
101;1674199;0;0
102;1674199;0;0.049933333333333337
103;1674199;0;0.09986666666666667
104;1674199;0;0.14980000000000002
105;1674199;0;0.19973333333333335
106;1674199;0;0.24966666666666668
107;1674199;0;0.29960000000000003
108;1674199;0;0.34953333333333336
109;1674199;0;0.3994666666666667
110;1674199;0;0.4494
111;1674199;2221615.111111111;0
112;1674199;2221615.111111111;0.049933333333333337
113;1674199;2221615.111111111;0.09986666666666667
114;1674199;2221615.111111111;0.14980000000000002
115;1674199;2221615.111111111;0.19973333333333335
116;1674199;2221615.111111111;0.24966666666666668
117;1674199;2221615.111111111;0.29960000000000003
118;1674199;2221615.111111111;0.34953333333333336
119;1674199;2221615.111111111;0.3994666666666667
120;1674199;2221615.111111111;0.4494
121;1674199;4443230.222222222;0
122;1674199;4443230.222222222;0.049933333333333337
123;1674199;4443230.222222222;0.09986666666666667
124;1674199;4443230.222222222;0.14980000000000002
125;1674199;4443230.222222222;0.19973333333333335
126;1674199;4443230.222222222;0.24966666666666668
127;1674199;4443230.222222222;0.29960000000000003
128;1674199;4443230.222222222;0.34953333333333336
129;1674199;4443230.222222222;0.3994666666666667
130;1674199;4443230.222222222;0.4494
131;1674199;6664845.333333333;0
132;1674199;6664845.333333333;0.049933333333333337
133;1674199;6664845.333333333;0.09986666666666667
134;1674199;6664845.333333333;0.14980000000000002
135;1674199;6664845.333333333;0.19973333333333335
136;1674199;6664845.333333333;0.24966666666666668
137;1674199;6664845.333333333;0.29960000000000003
138;1674199;6664845.333333333;0.34953333333333336
139;1674199;6664845.333333333;0.3994666666666667
140;1674199;6664845.333333333;0.4494
141;1674199;8886460.444444444;0
142;1674199;8886460.444444444;0.049933333333333337
143;1674199;8886460.444444444;0.09986666666666667
144;1674199;8886460.444444444;0.14980000000000002
145;1674199;8886460.444444444;0.19973333333333335
146;1674199;8886460.444444444;0.24966666666666668
147;1674199;8886460.444444444;0.29960000000000003
148;1674199;8886460.444444444;0.34953333333333336
149;1674199;8886460.444444444;0.3994666666666667
150;1674199;8886460.444444444;0.4494
151;1674199;11108075.555555556;0
152;1674199;11108075.555555556;0.049933333333333337
153;1674199;11108075.555555556;0.09986666666666667
154;1674199;11108075.555555556;0.14980000000000002
155;1674199;11108075.555555556;0.19973333333333335
156;1674199;11108075.555555556;0.24966666666666668
157;1674199;11108075.555555556;0.29960000000000003
158;1674199;11108075.555555556;0.34953333333333336
159;1674199;11108075.555555556;0.3994666666666667
160;1674199;11108075.555555556;0.4494
161;1674199;13329690.666666666;0
162;1674199;13329690.666666666;0.049933333333333337
163;1674199;13329690.666666666;0.09986666666666667
164;1674199;13329690.666666666;0.14980000000000002
165;1674199;13329690.666666666;0.19973333333333335
166;1674199;13329690.666666666;0.24966666666666668
167;1674199;13329690.666666666;0.29960000000000003
168;1674199;13329690.666666666;0.34953333333333336
169;1674199;13329690.666666666;0.3994666666666667
170;1674199;13329690.666666666;0.4494
171;1674199;15551305.777777776;0
172;1674199;15551305.777777776;0.049933333333333337
173;1674199;15551305.777777776;0.09986666666666667
174;1674199;15551305.777777776;0.14980000000000002
175;1674199;15551305.777777776;0.19973333333333335
176;1674199;15551305.777777776;0.24966666666666668
177;1674199;15551305.777777776;0.29960000000000003
178;1674199;15551305.777777776;0.34953333333333336
179;1674199;15551305.777777776;0.3994666666666667
180;1674199;15551305.777777776;0.4494
181;1674199;17772920.888888888;0
182;1674199;17772920.888888888;0.049933333333333337
183;1674199;17772920.888888888;0.09986666666666667
184;1674199;17772920.888888888;0.14980000000000002
185;1674199;17772920.888888888;0.19973333333333335
186;1674199;17772920.888888888;0.24966666666666668
187;1674199;17772920.888888888;0.29960000000000003
188;1674199;17772920.888888888;0.34953333333333336
189;1674199;17772920.888888888;0.3994666666666667
190;1674199;17772920.888888888;0.4494
191;1674199;19994536;0
192;1674199;19994536;0.049933333333333337
193;1674199;19994536;0.09986666666666667
194;1674199;19994536;0.14980000000000002
195;1674199;19994536;0.19973333333333335
196;1674199;19994536;0.24966666666666668
197;1674199;19994536;0.29960000000000003
198;1674199;19994536;0.34953333333333336
199;1674199;19994536;0.3994666666666667
200;1674199;19994536;0.4494
201;1610147;0;0
202;1610147;0;0.049933333333333337
203;1610147;0;0.09986666666666667
204;1610147;0;0.14980000000000002
205;1610147;0;0.19973333333333335
206;1610147;0;0.24966666666666668
207;1610147;0;0.29960000000000003
208;1610147;0;0.34953333333333336
209;1610147;0;0.3994666666666667
210;1610147;0;0.4494
211;1610147;2221615.111111111;0
212;1610147;2221615.111111111;0.049933333333333337
213;1610147;2221615.111111111;0.09986666666666667
214;1610147;2221615.111111111;0.14980000000000002
215;1610147;2221615.111111111;0.19973333333333335
216;1610147;2221615.111111111;0.24966666666666668
217;1610147;2221615.111111111;0.29960000000000003
218;1610147;2221615.111111111;0.34953333333333336
219;1610147;2221615.111111111;0.3994666666666667
220;1610147;2221615.111111111;0.4494
221;1610147;4443230.222222222;0
222;1610147;4443230.222222222;0.049933333333333337
223;1610147;4443230.222222222;0.09986666666666667
224;1610147;4443230.222222222;0.14980000000000002
225;1610147;4443230.222222222;0.19973333333333335
226;1610147;4443230.222222222;0.24966666666666668
227;1610147;4443230.222222222;0.29960000000000003
228;1610147;4443230.222222222;0.34953333333333336
229;1610147;4443230.222222222;0.3994666666666667
230;1610147;4443230.222222222;0.4494
231;1610147;6664845.333333333;0
232;1610147;6664845.333333333;0.049933333333333337
233;1610147;6664845.333333333;0.09986666666666667
234;1610147;6664845.333333333;0.14980000000000002
235;1610147;6664845.333333333;0.19973333333333335
236;1610147;6664845.333333333;0.24966666666666668
237;1610147;6664845.333333333;0.29960000000000003
238;1610147;6664845.333333333;0.34953333333333336
239;1610147;6664845.333333333;0.3994666666666667
240;1610147;6664845.333333333;0.4494
241;1610147;8886460.444444444;0
242;1610147;8886460.444444444;0.049933333333333337
243;1610147;8886460.444444444;0.09986666666666667
244;1610147;8886460.444444444;0.14980000000000002
245;1610147;8886460.444444444;0.19973333333333335
246;1610147;8886460.444444444;0.24966666666666668
247;1610147;8886460.444444444;0.29960000000000003
248;1610147;8886460.444444444;0.34953333333333336
249;1610147;8886460.444444444;0.3994666666666667
250;1610147;8886460.444444444;0.4494
251;1610147;11108075.555555556;0
252;1610147;11108075.555555556;0.049933333333333337
253;1610147;11108075.555555556;0.09986666666666667
254;1610147;11108075.555555556;0.14980000000000002
255;1610147;11108075.555555556;0.19973333333333335
256;1610147;11108075.555555556;0.24966666666666668
257;1610147;11108075.555555556;0.29960000000000003
258;1610147;11108075.555555556;0.34953333333333336
259;1610147;11108075.555555556;0.3994666666666667
260;1610147;11108075.555555556;0.4494
261;1610147;13329690.666666666;0
262;1610147;13329690.666666666;0.049933333333333337
263;1610147;13329690.666666666;0.09986666666666667
264;1610147;13329690.666666666;0.14980000000000002
265;1610147;13329690.666666666;0.19973333333333335
266;1610147;13329690.666666666;0.24966666666666668
267;1610147;13329690.666666666;0.29960000000000003
268;1610147;13329690.666666666;0.34953333333333336
269;1610147;13329690.666666666;0.3994666666666667
270;1610147;13329690.666666666;0.4494
271;1610147;15551305.777777776;0
272;1610147;15551305.777777776;0.049933333333333337
273;1610147;15551305.777777776;0.09986666666666667
274;1610147;15551305.777777776;0.14980000000000002
275;1610147;15551305.777777776;0.19973333333333335
276;1610147;15551305.777777776;0.24966666666666668
277;1610147;15551305.777777776;0.29960000000000003
278;1610147;15551305.777777776;0.34953333333333336
279;1610147;15551305.777777776;0.3994666666666667
280;1610147;15551305.777777776;0.4494
281;1610147;17772920.888888888;0
282;1610147;17772920.888888888;0.049933333333333337
283;1610147;17772920.888888888;0.09986666666666667
284;1610147;17772920.888888888;0.14980000000000002
285;1610147;17772920.888888888;0.19973333333333335
286;1610147;17772920.888888888;0.24966666666666668
287;1610147;17772920.888888888;0.29960000000000003
288;1610147;17772920.888888888;0.34953333333333336
289;1610147;17772920.888888888;0.3994666666666667
290;1610147;17772920.888888888;0.4494
291;1610147;19994536;0
292;1610147;19994536;0.049933333333333337
293;1610147;19994536;0.09986666666666667
294;1610147;19994536;0.14980000000000002
295;1610147;19994536;0.19973333333333335
296;1610147;19994536;0.24966666666666668
297;1610147;19994536;0.29960000000000003
298;1610147;19994536;0.34953333333333336
299;1610147;19994536;0.3994666666666667
300;1610147;19994536;0.4494
301;1546095;0;0
302;1546095;0;0.049933333333333337
303;1546095;0;0.09986666666666667
304;1546095;0;0.14980000000000002
305;1546095;0;0.19973333333333335
306;1546095;0;0.24966666666666668
307;1546095;0;0.29960000000000003
308;1546095;0;0.34953333333333336
309;1546095;0;0.3994666666666667
310;1546095;0;0.4494
311;1546095;2221615.111111111;0
312;1546095;2221615.111111111;0.049933333333333337
313;1546095;2221615.111111111;0.09986666666666667
314;1546095;2221615.111111111;0.14980000000000002
315;1546095;2221615.111111111;0.19973333333333335
316;1546095;2221615.111111111;0.24966666666666668
317;1546095;2221615.111111111;0.29960000000000003
318;1546095;2221615.111111111;0.34953333333333336
319;1546095;2221615.111111111;0.3994666666666667
320;1546095;2221615.111111111;0.4494
321;1546095;4443230.222222222;0
322;1546095;4443230.222222222;0.049933333333333337
323;1546095;4443230.222222222;0.09986666666666667
324;1546095;4443230.222222222;0.14980000000000002
325;1546095;4443230.222222222;0.19973333333333335
326;1546095;4443230.222222222;0.24966666666666668
327;1546095;4443230.222222222;0.29960000000000003
328;1546095;4443230.222222222;0.34953333333333336
329;1546095;4443230.222222222;0.3994666666666667
330;1546095;4443230.222222222;0.4494
331;1546095;6664845.333333333;0
332;1546095;6664845.333333333;0.049933333333333337
333;1546095;6664845.333333333;0.09986666666666667
334;1546095;6664845.333333333;0.14980000000000002
335;1546095;6664845.333333333;0.19973333333333335
336;1546095;6664845.333333333;0.24966666666666668
337;1546095;6664845.333333333;0.29960000000000003
338;1546095;6664845.333333333;0.34953333333333336
339;1546095;6664845.333333333;0.3994666666666667
340;1546095;6664845.333333333;0.4494
341;1546095;8886460.444444444;0
342;1546095;8886460.444444444;0.049933333333333337
343;1546095;8886460.444444444;0.09986666666666667
344;1546095;8886460.444444444;0.14980000000000002
345;1546095;8886460.444444444;0.19973333333333335
346;1546095;8886460.444444444;0.24966666666666668
347;1546095;8886460.444444444;0.29960000000000003
348;1546095;8886460.444444444;0.34953333333333336
349;1546095;8886460.444444444;0.3994666666666667
350;1546095;8886460.444444444;0.4494
351;1546095;11108075.555555556;0
352;1546095;11108075.555555556;0.049933333333333337
353;1546095;11108075.555555556;0.09986666666666667
354;1546095;11108075.555555556;0.14980000000000002
355;1546095;11108075.555555556;0.19973333333333335
356;1546095;11108075.555555556;0.24966666666666668
357;1546095;11108075.555555556;0.29960000000000003
358;1546095;11108075.555555556;0.34953333333333336
359;1546095;11108075.555555556;0.3994666666666667
360;1546095;11108075.555555556;0.4494
361;1546095;13329690.666666666;0
362;1546095;13329690.666666666;0.049933333333333337
363;1546095;13329690.666666666;0.09986666666666667
364;1546095;13329690.666666666;0.14980000000000002
365;1546095;13329690.666666666;0.19973333333333335
366;1546095;13329690.666666666;0.24966666666666668
367;1546095;13329690.666666666;0.29960000000000003
368;1546095;13329690.666666666;0.34953333333333336
369;1546095;13329690.666666666;0.3994666666666667
370;1546095;13329690.666666666;0.4494
371;1546095;15551305.777777776;0
372;1546095;15551305.777777776;0.049933333333333337
373;1546095;15551305.777777776;0.09986666666666667
374;1546095;15551305.777777776;0.14980000000000002
375;1546095;15551305.777777776;0.19973333333333335
376;1546095;15551305.777777776;0.24966666666666668
377;1546095;15551305.777777776;0.29960000000000003
378;1546095;15551305.777777776;0.34953333333333336
379;1546095;15551305.777777776;0.3994666666666667
380;1546095;15551305.777777776;0.4494
381;1546095;17772920.888888888;0
382;1546095;17772920.888888888;0.049933333333333337
383;1546095;17772920.888888888;0.09986666666666667
384;1546095;17772920.888888888;0.14980000000000002
385;1546095;17772920.888888888;0.19973333333333335
386;1546095;17772920.888888888;0.24966666666666668
387;1546095;17772920.888888888;0.29960000000000003
388;1546095;17772920.888888888;0.34953333333333336
389;1546095;17772920.888888888;0.3994666666666667
390;1546095;17772920.888888888;0.4494
391;1546095;19994536;0
392;1546095;19994536;0.049933333333333337
393;1546095;19994536;0.09986666666666667
394;1546095;19994536;0.14980000000000002
395;1546095;19994536;0.19973333333333335
396;1546095;19994536;0.24966666666666668
397;1546095;19994536;0.29960000000000003
398;1546095;19994536;0.34953333333333336
399;1546095;19994536;0.3994666666666667
400;1546095;19994536;0.4494
401;1482043;0;0
402;1482043;0;0.049933333333333337
403;1482043;0;0.09986666666666667
404;1482043;0;0.14980000000000002
405;1482043;0;0.19973333333333335
406;1482043;0;0.24966666666666668
407;1482043;0;0.29960000000000003
408;1482043;0;0.34953333333333336
409;1482043;0;0.3994666666666667
410;1482043;0;0.4494
411;1482043;2221615.111111111;0
412;1482043;2221615.111111111;0.049933333333333337
413;1482043;2221615.111111111;0.09986666666666667
414;1482043;2221615.111111111;0.14980000000000002
415;1482043;2221615.111111111;0.19973333333333335
416;1482043;2221615.111111111;0.24966666666666668
417;1482043;2221615.111111111;0.29960000000000003
418;1482043;2221615.111111111;0.34953333333333336
419;1482043;2221615.111111111;0.3994666666666667
420;1482043;2221615.111111111;0.4494
421;1482043;4443230.222222222;0
422;1482043;4443230.222222222;0.049933333333333337
423;1482043;4443230.222222222;0.09986666666666667
424;1482043;4443230.222222222;0.14980000000000002
425;1482043;4443230.222222222;0.19973333333333335
426;1482043;4443230.222222222;0.24966666666666668
427;1482043;4443230.222222222;0.29960000000000003
428;1482043;4443230.222222222;0.34953333333333336
429;1482043;4443230.222222222;0.3994666666666667
430;1482043;4443230.222222222;0.4494
431;1482043;6664845.333333333;0
432;1482043;6664845.333333333;0.049933333333333337
433;1482043;6664845.333333333;0.09986666666666667
434;1482043;6664845.333333333;0.14980000000000002
435;1482043;6664845.333333333;0.19973333333333335
436;1482043;6664845.333333333;0.24966666666666668
437;1482043;6664845.333333333;0.29960000000000003
438;1482043;6664845.333333333;0.34953333333333336
439;1482043;6664845.333333333;0.3994666666666667
440;1482043;6664845.333333333;0.4494
441;1482043;8886460.444444444;0
442;1482043;8886460.444444444;0.049933333333333337
443;1482043;8886460.444444444;0.09986666666666667
444;1482043;8886460.444444444;0.14980000000000002
445;1482043;8886460.444444444;0.19973333333333335
446;1482043;8886460.444444444;0.24966666666666668
447;1482043;8886460.444444444;0.29960000000000003
448;1482043;8886460.444444444;0.34953333333333336
449;1482043;8886460.444444444;0.3994666666666667
450;1482043;8886460.444444444;0.4494
451;1482043;11108075.555555556;0
452;1482043;11108075.555555556;0.049933333333333337
453;1482043;11108075.555555556;0.09986666666666667
454;1482043;11108075.555555556;0.14980000000000002
455;1482043;11108075.555555556;0.19973333333333335
456;1482043;11108075.555555556;0.24966666666666668
457;1482043;11108075.555555556;0.29960000000000003
458;1482043;11108075.555555556;0.34953333333333336
459;1482043;11108075.555555556;0.3994666666666667
460;1482043;11108075.555555556;0.4494
461;1482043;13329690.666666666;0
462;1482043;13329690.666666666;0.049933333333333337
463;1482043;13329690.666666666;0.09986666666666667
464;1482043;13329690.666666666;0.14980000000000002
465;1482043;13329690.666666666;0.19973333333333335
466;1482043;13329690.666666666;0.24966666666666668
467;1482043;13329690.666666666;0.29960000000000003
468;1482043;13329690.666666666;0.34953333333333336
469;1482043;13329690.666666666;0.3994666666666667
470;1482043;13329690.666666666;0.4494
471;1482043;15551305.777777776;0
472;1482043;15551305.777777776;0.049933333333333337
473;1482043;15551305.777777776;0.09986666666666667
474;1482043;15551305.777777776;0.14980000000000002
475;1482043;15551305.777777776;0.19973333333333335
476;1482043;15551305.777777776;0.24966666666666668
477;1482043;15551305.777777776;0.29960000000000003
478;1482043;15551305.777777776;0.34953333333333336
479;1482043;15551305.777777776;0.3994666666666667
480;1482043;15551305.777777776;0.4494
481;1482043;17772920.888888888;0
482;1482043;17772920.888888888;0.049933333333333337
483;1482043;17772920.888888888;0.09986666666666667
484;1482043;17772920.888888888;0.14980000000000002
485;1482043;17772920.888888888;0.19973333333333335
486;1482043;17772920.888888888;0.24966666666666668
487;1482043;17772920.888888888;0.29960000000000003
488;1482043;17772920.888888888;0.34953333333333336
489;1482043;17772920.888888888;0.3994666666666667
490;1482043;17772920.888888888;0.4494
491;1482043;19994536;0
492;1482043;19994536;0.049933333333333337
493;1482043;19994536;0.09986666666666667
494;1482043;19994536;0.14980000000000002
495;1482043;19994536;0.19973333333333335
496;1482043;19994536;0.24966666666666668
497;1482043;19994536;0.29960000000000003
498;1482043;19994536;0.34953333333333336
499;1482043;19994536;0.3994666666666667
500;1482043;19994536;0.4494
501;1417992;0;0
502;1417992;0;0.049933333333333337
503;1417992;0;0.09986666666666667
504;1417992;0;0.14980000000000002
505;1417992;0;0.19973333333333335
506;1417992;0;0.24966666666666668
507;1417992;0;0.29960000000000003
508;1417992;0;0.34953333333333336
509;1417992;0;0.3994666666666667
510;1417992;0;0.4494
511;1417992;2221615.111111111;0
512;1417992;2221615.111111111;0.049933333333333337
513;1417992;2221615.111111111;0.09986666666666667
514;1417992;2221615.111111111;0.14980000000000002
515;1417992;2221615.111111111;0.19973333333333335
516;1417992;2221615.111111111;0.24966666666666668
517;1417992;2221615.111111111;0.29960000000000003
518;1417992;2221615.111111111;0.34953333333333336
519;1417992;2221615.111111111;0.3994666666666667
520;1417992;2221615.111111111;0.4494
521;1417992;4443230.222222222;0
522;1417992;4443230.222222222;0.049933333333333337
523;1417992;4443230.222222222;0.09986666666666667
524;1417992;4443230.222222222;0.14980000000000002
525;1417992;4443230.222222222;0.19973333333333335
526;1417992;4443230.222222222;0.24966666666666668
527;1417992;4443230.222222222;0.29960000000000003
528;1417992;4443230.222222222;0.34953333333333336
529;1417992;4443230.222222222;0.3994666666666667
530;1417992;4443230.222222222;0.4494
531;1417992;6664845.333333333;0
532;1417992;6664845.333333333;0.049933333333333337
533;1417992;6664845.333333333;0.09986666666666667
534;1417992;6664845.333333333;0.14980000000000002
535;1417992;6664845.333333333;0.19973333333333335
536;1417992;6664845.333333333;0.24966666666666668
537;1417992;6664845.333333333;0.29960000000000003
538;1417992;6664845.333333333;0.34953333333333336
539;1417992;6664845.333333333;0.3994666666666667
540;1417992;6664845.333333333;0.4494
541;1417992;8886460.444444444;0
542;1417992;8886460.444444444;0.049933333333333337
543;1417992;8886460.444444444;0.09986666666666667
544;1417992;8886460.444444444;0.14980000000000002
545;1417992;8886460.444444444;0.19973333333333335
546;1417992;8886460.444444444;0.24966666666666668
547;1417992;8886460.444444444;0.29960000000000003
548;1417992;8886460.444444444;0.34953333333333336
549;1417992;8886460.444444444;0.3994666666666667
550;1417992;8886460.444444444;0.4494
551;1417992;11108075.555555556;0
552;1417992;11108075.555555556;0.049933333333333337
553;1417992;11108075.555555556;0.09986666666666667
554;1417992;11108075.555555556;0.14980000000000002
555;1417992;11108075.555555556;0.19973333333333335
556;1417992;11108075.555555556;0.24966666666666668
557;1417992;11108075.555555556;0.29960000000000003
558;1417992;11108075.555555556;0.34953333333333336
559;1417992;11108075.555555556;0.3994666666666667
560;1417992;11108075.555555556;0.4494
561;1417992;13329690.666666666;0
562;1417992;13329690.666666666;0.049933333333333337
563;1417992;13329690.666666666;0.09986666666666667
564;1417992;13329690.666666666;0.14980000000000002
565;1417992;13329690.666666666;0.19973333333333335
566;1417992;13329690.666666666;0.24966666666666668
567;1417992;13329690.666666666;0.29960000000000003
568;1417992;13329690.666666666;0.34953333333333336
569;1417992;13329690.666666666;0.3994666666666667
570;1417992;13329690.666666666;0.4494
571;1417992;15551305.777777776;0
572;1417992;15551305.777777776;0.049933333333333337
573;1417992;15551305.777777776;0.09986666666666667
574;1417992;15551305.777777776;0.14980000000000002
575;1417992;15551305.777777776;0.19973333333333335
576;1417992;15551305.777777776;0.24966666666666668
577;1417992;15551305.777777776;0.29960000000000003
578;1417992;15551305.777777776;0.34953333333333336
579;1417992;15551305.777777776;0.3994666666666667
580;1417992;15551305.777777776;0.4494
581;1417992;17772920.888888888;0
582;1417992;17772920.888888888;0.049933333333333337
583;1417992;17772920.888888888;0.09986666666666667
584;1417992;17772920.888888888;0.14980000000000002
585;1417992;17772920.888888888;0.19973333333333335
586;1417992;17772920.888888888;0.24966666666666668
587;1417992;17772920.888888888;0.29960000000000003
588;1417992;17772920.888888888;0.34953333333333336
589;1417992;17772920.888888888;0.3994666666666667
590;1417992;17772920.888888888;0.4494
591;1417992;19994536;0
592;1417992;19994536;0.049933333333333337
593;1417992;19994536;0.09986666666666667
594;1417992;19994536;0.14980000000000002
595;1417992;19994536;0.19973333333333335
596;1417992;19994536;0.24966666666666668
597;1417992;19994536;0.29960000000000003
598;1417992;19994536;0.34953333333333336
599;1417992;19994536;0.3994666666666667
600;1417992;19994536;0.4494
601;1353940;0;0
602;1353940;0;0.049933333333333337
603;1353940;0;0.09986666666666667
604;1353940;0;0.14980000000000002
605;1353940;0;0.19973333333333335
606;1353940;0;0.24966666666666668
607;1353940;0;0.29960000000000003
608;1353940;0;0.34953333333333336
609;1353940;0;0.3994666666666667
610;1353940;0;0.4494
611;1353940;2221615.111111111;0
612;1353940;2221615.111111111;0.049933333333333337
613;1353940;2221615.111111111;0.09986666666666667
614;1353940;2221615.111111111;0.14980000000000002
615;1353940;2221615.111111111;0.19973333333333335
616;1353940;2221615.111111111;0.24966666666666668
617;1353940;2221615.111111111;0.29960000000000003
618;1353940;2221615.111111111;0.34953333333333336
619;1353940;2221615.111111111;0.3994666666666667
620;1353940;2221615.111111111;0.4494
621;1353940;4443230.222222222;0
622;1353940;4443230.222222222;0.049933333333333337
623;1353940;4443230.222222222;0.09986666666666667
624;1353940;4443230.222222222;0.14980000000000002
625;1353940;4443230.222222222;0.19973333333333335
626;1353940;4443230.222222222;0.24966666666666668
627;1353940;4443230.222222222;0.29960000000000003
628;1353940;4443230.222222222;0.34953333333333336
629;1353940;4443230.222222222;0.3994666666666667
630;1353940;4443230.222222222;0.4494
631;1353940;6664845.333333333;0
632;1353940;6664845.333333333;0.049933333333333337
633;1353940;6664845.333333333;0.09986666666666667
634;1353940;6664845.333333333;0.14980000000000002
635;1353940;6664845.333333333;0.19973333333333335
636;1353940;6664845.333333333;0.24966666666666668
637;1353940;6664845.333333333;0.29960000000000003
638;1353940;6664845.333333333;0.34953333333333336
639;1353940;6664845.333333333;0.3994666666666667
640;1353940;6664845.333333333;0.4494
641;1353940;8886460.444444444;0
642;1353940;8886460.444444444;0.049933333333333337
643;1353940;8886460.444444444;0.09986666666666667
644;1353940;8886460.444444444;0.14980000000000002
645;1353940;8886460.444444444;0.19973333333333335
646;1353940;8886460.444444444;0.24966666666666668
647;1353940;8886460.444444444;0.29960000000000003
648;1353940;8886460.444444444;0.34953333333333336
649;1353940;8886460.444444444;0.3994666666666667
650;1353940;8886460.444444444;0.4494
651;1353940;11108075.555555556;0
652;1353940;11108075.555555556;0.049933333333333337
653;1353940;11108075.555555556;0.09986666666666667
654;1353940;11108075.555555556;0.14980000000000002
655;1353940;11108075.555555556;0.19973333333333335
656;1353940;11108075.555555556;0.24966666666666668
657;1353940;11108075.555555556;0.29960000000000003
658;1353940;11108075.555555556;0.34953333333333336
659;1353940;11108075.555555556;0.3994666666666667
660;1353940;11108075.555555556;0.4494
661;1353940;13329690.666666666;0
662;1353940;13329690.666666666;0.049933333333333337
663;1353940;13329690.666666666;0.09986666666666667
664;1353940;13329690.666666666;0.14980000000000002
665;1353940;13329690.666666666;0.19973333333333335
666;1353940;13329690.666666666;0.24966666666666668
667;1353940;13329690.666666666;0.29960000000000003
668;1353940;13329690.666666666;0.34953333333333336
669;1353940;13329690.666666666;0.3994666666666667
670;1353940;13329690.666666666;0.4494
671;1353940;15551305.777777776;0
672;1353940;15551305.777777776;0.049933333333333337
673;1353940;15551305.777777776;0.09986666666666667
674;1353940;15551305.777777776;0.14980000000000002
675;1353940;15551305.777777776;0.19973333333333335
676;1353940;15551305.777777776;0.24966666666666668
677;1353940;15551305.777777776;0.29960000000000003
678;1353940;15551305.777777776;0.34953333333333336
679;1353940;15551305.777777776;0.3994666666666667
680;1353940;15551305.777777776;0.4494
681;1353940;17772920.888888888;0
682;1353940;17772920.888888888;0.049933333333333337
683;1353940;17772920.888888888;0.09986666666666667
684;1353940;17772920.888888888;0.14980000000000002
685;1353940;17772920.888888888;0.19973333333333335
686;1353940;17772920.888888888;0.24966666666666668
687;1353940;17772920.888888888;0.29960000000000003
688;1353940;17772920.888888888;0.34953333333333336
689;1353940;17772920.888888888;0.3994666666666667
690;1353940;17772920.888888888;0.4494
691;1353940;19994536;0
692;1353940;19994536;0.049933333333333337
693;1353940;19994536;0.09986666666666667
694;1353940;19994536;0.14980000000000002
695;1353940;19994536;0.19973333333333335
696;1353940;19994536;0.24966666666666668
697;1353940;19994536;0.29960000000000003
698;1353940;19994536;0.34953333333333336
699;1353940;19994536;0.3994666666666667
700;1353940;19994536;0.4494
701;1289888;0;0
702;1289888;0;0.049933333333333337
703;1289888;0;0.09986666666666667
704;1289888;0;0.14980000000000002
705;1289888;0;0.19973333333333335
706;1289888;0;0.24966666666666668
707;1289888;0;0.29960000000000003
708;1289888;0;0.34953333333333336
709;1289888;0;0.3994666666666667
710;1289888;0;0.4494
711;1289888;2221615.111111111;0
712;1289888;2221615.111111111;0.049933333333333337
713;1289888;2221615.111111111;0.09986666666666667
714;1289888;2221615.111111111;0.14980000000000002
715;1289888;2221615.111111111;0.19973333333333335
716;1289888;2221615.111111111;0.24966666666666668
717;1289888;2221615.111111111;0.29960000000000003
718;1289888;2221615.111111111;0.34953333333333336
719;1289888;2221615.111111111;0.3994666666666667
720;1289888;2221615.111111111;0.4494
721;1289888;4443230.222222222;0
722;1289888;4443230.222222222;0.049933333333333337
723;1289888;4443230.222222222;0.09986666666666667
724;1289888;4443230.222222222;0.14980000000000002
725;1289888;4443230.222222222;0.19973333333333335
726;1289888;4443230.222222222;0.24966666666666668
727;1289888;4443230.222222222;0.29960000000000003
728;1289888;4443230.222222222;0.34953333333333336
729;1289888;4443230.222222222;0.3994666666666667
730;1289888;4443230.222222222;0.4494
731;1289888;6664845.333333333;0
732;1289888;6664845.333333333;0.049933333333333337
733;1289888;6664845.333333333;0.09986666666666667
734;1289888;6664845.333333333;0.14980000000000002
735;1289888;6664845.333333333;0.19973333333333335
736;1289888;6664845.333333333;0.24966666666666668
737;1289888;6664845.333333333;0.29960000000000003
738;1289888;6664845.333333333;0.34953333333333336
739;1289888;6664845.333333333;0.3994666666666667
740;1289888;6664845.333333333;0.4494
741;1289888;8886460.444444444;0
742;1289888;8886460.444444444;0.049933333333333337
743;1289888;8886460.444444444;0.09986666666666667
744;1289888;8886460.444444444;0.14980000000000002
745;1289888;8886460.444444444;0.19973333333333335
746;1289888;8886460.444444444;0.24966666666666668
747;1289888;8886460.444444444;0.29960000000000003
748;1289888;8886460.444444444;0.34953333333333336
749;1289888;8886460.444444444;0.3994666666666667
750;1289888;8886460.444444444;0.4494
751;1289888;11108075.555555556;0
752;1289888;11108075.555555556;0.049933333333333337
753;1289888;11108075.555555556;0.09986666666666667
754;1289888;11108075.555555556;0.14980000000000002
755;1289888;11108075.555555556;0.19973333333333335
756;1289888;11108075.555555556;0.24966666666666668
757;1289888;11108075.555555556;0.29960000000000003
758;1289888;11108075.555555556;0.34953333333333336
759;1289888;11108075.555555556;0.3994666666666667
760;1289888;11108075.555555556;0.4494
761;1289888;13329690.666666666;0
762;1289888;13329690.666666666;0.049933333333333337
763;1289888;13329690.666666666;0.09986666666666667
764;1289888;13329690.666666666;0.14980000000000002
765;1289888;13329690.666666666;0.19973333333333335
766;1289888;13329690.666666666;0.24966666666666668
767;1289888;13329690.666666666;0.29960000000000003
768;1289888;13329690.666666666;0.34953333333333336
769;1289888;13329690.666666666;0.3994666666666667
770;1289888;13329690.666666666;0.4494
771;1289888;15551305.777777776;0
772;1289888;15551305.777777776;0.049933333333333337
773;1289888;15551305.777777776;0.09986666666666667
774;1289888;15551305.777777776;0.14980000000000002
775;1289888;15551305.777777776;0.19973333333333335
776;1289888;15551305.777777776;0.24966666666666668
777;1289888;15551305.777777776;0.29960000000000003
778;1289888;15551305.777777776;0.34953333333333336
779;1289888;15551305.777777776;0.3994666666666667
780;1289888;15551305.777777776;0.4494
781;1289888;17772920.888888888;0
782;1289888;17772920.888888888;0.049933333333333337
783;1289888;17772920.888888888;0.09986666666666667
784;1289888;17772920.888888888;0.14980000000000002
785;1289888;17772920.888888888;0.19973333333333335
786;1289888;17772920.888888888;0.24966666666666668
787;1289888;17772920.888888888;0.29960000000000003
788;1289888;17772920.888888888;0.34953333333333336
789;1289888;17772920.888888888;0.3994666666666667
790;1289888;17772920.888888888;0.4494
791;1289888;19994536;0
792;1289888;19994536;0.049933333333333337
793;1289888;19994536;0.09986666666666667
794;1289888;19994536;0.14980000000000002
795;1289888;19994536;0.19973333333333335
796;1289888;19994536;0.24966666666666668
797;1289888;19994536;0.29960000000000003
798;1289888;19994536;0.34953333333333336
799;1289888;19994536;0.3994666666666667
800;1289888;19994536;0.4494
801;1225836;0;0
802;1225836;0;0.049933333333333337
803;1225836;0;0.09986666666666667
804;1225836;0;0.14980000000000002
805;1225836;0;0.19973333333333335
806;1225836;0;0.24966666666666668
807;1225836;0;0.29960000000000003
808;1225836;0;0.34953333333333336
809;1225836;0;0.3994666666666667
810;1225836;0;0.4494
811;1225836;2221615.111111111;0
812;1225836;2221615.111111111;0.049933333333333337
813;1225836;2221615.111111111;0.09986666666666667
814;1225836;2221615.111111111;0.14980000000000002
815;1225836;2221615.111111111;0.19973333333333335
816;1225836;2221615.111111111;0.24966666666666668
817;1225836;2221615.111111111;0.29960000000000003
818;1225836;2221615.111111111;0.34953333333333336
819;1225836;2221615.111111111;0.3994666666666667
820;1225836;2221615.111111111;0.4494
821;1225836;4443230.222222222;0
822;1225836;4443230.222222222;0.049933333333333337
823;1225836;4443230.222222222;0.09986666666666667
824;1225836;4443230.222222222;0.14980000000000002
825;1225836;4443230.222222222;0.19973333333333335
826;1225836;4443230.222222222;0.24966666666666668
827;1225836;4443230.222222222;0.29960000000000003
828;1225836;4443230.222222222;0.34953333333333336
829;1225836;4443230.222222222;0.3994666666666667
830;1225836;4443230.222222222;0.4494
831;1225836;6664845.333333333;0
832;1225836;6664845.333333333;0.049933333333333337
833;1225836;6664845.333333333;0.09986666666666667
834;1225836;6664845.333333333;0.14980000000000002
835;1225836;6664845.333333333;0.19973333333333335
836;1225836;6664845.333333333;0.24966666666666668
837;1225836;6664845.333333333;0.29960000000000003
838;1225836;6664845.333333333;0.34953333333333336
839;1225836;6664845.333333333;0.3994666666666667
840;1225836;6664845.333333333;0.4494
841;1225836;8886460.444444444;0
842;1225836;8886460.444444444;0.049933333333333337
843;1225836;8886460.444444444;0.09986666666666667
844;1225836;8886460.444444444;0.14980000000000002
845;1225836;8886460.444444444;0.19973333333333335
846;1225836;8886460.444444444;0.24966666666666668
847;1225836;8886460.444444444;0.29960000000000003
848;1225836;8886460.444444444;0.34953333333333336
849;1225836;8886460.444444444;0.3994666666666667
850;1225836;8886460.444444444;0.4494
851;1225836;11108075.555555556;0
852;1225836;11108075.555555556;0.049933333333333337
853;1225836;11108075.555555556;0.09986666666666667
854;1225836;11108075.555555556;0.14980000000000002
855;1225836;11108075.555555556;0.19973333333333335
856;1225836;11108075.555555556;0.24966666666666668
857;1225836;11108075.555555556;0.29960000000000003
858;1225836;11108075.555555556;0.34953333333333336
859;1225836;11108075.555555556;0.3994666666666667
860;1225836;11108075.555555556;0.4494
861;1225836;13329690.666666666;0
862;1225836;13329690.666666666;0.049933333333333337
863;1225836;13329690.666666666;0.09986666666666667
864;1225836;13329690.666666666;0.14980000000000002
865;1225836;13329690.666666666;0.19973333333333335
866;1225836;13329690.666666666;0.24966666666666668
867;1225836;13329690.666666666;0.29960000000000003
868;1225836;13329690.666666666;0.34953333333333336
869;1225836;13329690.666666666;0.3994666666666667
870;1225836;13329690.666666666;0.4494
871;1225836;15551305.777777776;0
872;1225836;15551305.777777776;0.049933333333333337
873;1225836;15551305.777777776;0.09986666666666667
874;1225836;15551305.777777776;0.14980000000000002
875;1225836;15551305.777777776;0.19973333333333335
876;1225836;15551305.777777776;0.24966666666666668
877;1225836;15551305.777777776;0.29960000000000003
878;1225836;15551305.777777776;0.34953333333333336
879;1225836;15551305.777777776;0.3994666666666667
880;1225836;15551305.777777776;0.4494
881;1225836;17772920.888888888;0
882;1225836;17772920.888888888;0.049933333333333337
883;1225836;17772920.888888888;0.09986666666666667
884;1225836;17772920.888888888;0.14980000000000002
885;1225836;17772920.888888888;0.19973333333333335
886;1225836;17772920.888888888;0.24966666666666668
887;1225836;17772920.888888888;0.29960000000000003
888;1225836;17772920.888888888;0.34953333333333336
889;1225836;17772920.888888888;0.3994666666666667
890;1225836;17772920.888888888;0.4494
891;1225836;19994536;0
892;1225836;19994536;0.049933333333333337
893;1225836;19994536;0.09986666666666667
894;1225836;19994536;0.14980000000000002
895;1225836;19994536;0.19973333333333335
896;1225836;19994536;0.24966666666666668
897;1225836;19994536;0.29960000000000003
898;1225836;19994536;0.34953333333333336
899;1225836;19994536;0.3994666666666667
900;1225836;19994536;0.4494
901;1161785;0;0
902;1161785;0;0.049933333333333337
903;1161785;0;0.09986666666666667
904;1161785;0;0.14980000000000002
905;1161785;0;0.19973333333333335
906;1161785;0;0.24966666666666668
907;1161785;0;0.29960000000000003
908;1161785;0;0.34953333333333336
909;1161785;0;0.3994666666666667
910;1161785;0;0.4494
911;1161785;2221615.111111111;0
912;1161785;2221615.111111111;0.049933333333333337
913;1161785;2221615.111111111;0.09986666666666667
914;1161785;2221615.111111111;0.14980000000000002
915;1161785;2221615.111111111;0.19973333333333335
916;1161785;2221615.111111111;0.24966666666666668
917;1161785;2221615.111111111;0.29960000000000003
918;1161785;2221615.111111111;0.34953333333333336
919;1161785;2221615.111111111;0.3994666666666667
920;1161785;2221615.111111111;0.4494
921;1161785;4443230.222222222;0
922;1161785;4443230.222222222;0.049933333333333337
923;1161785;4443230.222222222;0.09986666666666667
924;1161785;4443230.222222222;0.14980000000000002
925;1161785;4443230.222222222;0.19973333333333335
926;1161785;4443230.222222222;0.24966666666666668
927;1161785;4443230.222222222;0.29960000000000003
928;1161785;4443230.222222222;0.34953333333333336
929;1161785;4443230.222222222;0.3994666666666667
930;1161785;4443230.222222222;0.4494
931;1161785;6664845.333333333;0
932;1161785;6664845.333333333;0.049933333333333337
933;1161785;6664845.333333333;0.09986666666666667
934;1161785;6664845.333333333;0.14980000000000002
935;1161785;6664845.333333333;0.19973333333333335
936;1161785;6664845.333333333;0.24966666666666668
937;1161785;6664845.333333333;0.29960000000000003
938;1161785;6664845.333333333;0.34953333333333336
939;1161785;6664845.333333333;0.3994666666666667
940;1161785;6664845.333333333;0.4494
941;1161785;8886460.444444444;0
942;1161785;8886460.444444444;0.049933333333333337
943;1161785;8886460.444444444;0.09986666666666667
944;1161785;8886460.444444444;0.14980000000000002
945;1161785;8886460.444444444;0.19973333333333335
946;1161785;8886460.444444444;0.24966666666666668
947;1161785;8886460.444444444;0.29960000000000003
948;1161785;8886460.444444444;0.34953333333333336
949;1161785;8886460.444444444;0.3994666666666667
950;1161785;8886460.444444444;0.4494
951;1161785;11108075.555555556;0
952;1161785;11108075.555555556;0.049933333333333337
953;1161785;11108075.555555556;0.09986666666666667
954;1161785;11108075.555555556;0.14980000000000002
955;1161785;11108075.555555556;0.19973333333333335
956;1161785;11108075.555555556;0.24966666666666668
957;1161785;11108075.555555556;0.29960000000000003
958;1161785;11108075.555555556;0.34953333333333336
959;1161785;11108075.555555556;0.3994666666666667
960;1161785;11108075.555555556;0.4494
961;1161785;13329690.666666666;0
962;1161785;13329690.666666666;0.049933333333333337
963;1161785;13329690.666666666;0.09986666666666667
964;1161785;13329690.666666666;0.14980000000000002
965;1161785;13329690.666666666;0.19973333333333335
966;1161785;13329690.666666666;0.24966666666666668
967;1161785;13329690.666666666;0.29960000000000003
968;1161785;13329690.666666666;0.34953333333333336
969;1161785;13329690.666666666;0.3994666666666667
970;1161785;13329690.666666666;0.4494
971;1161785;15551305.777777776;0
972;1161785;15551305.777777776;0.049933333333333337
973;1161785;15551305.777777776;0.09986666666666667
974;1161785;15551305.777777776;0.14980000000000002
975;1161785;15551305.777777776;0.19973333333333335
976;1161785;15551305.777777776;0.24966666666666668
977;1161785;15551305.777777776;0.29960000000000003
978;1161785;15551305.777777776;0.34953333333333336
979;1161785;15551305.777777776;0.3994666666666667
980;1161785;15551305.777777776;0.4494
981;1161785;17772920.888888888;0
982;1161785;17772920.888888888;0.049933333333333337
983;1161785;17772920.888888888;0.09986666666666667
984;1161785;17772920.888888888;0.14980000000000002
985;1161785;17772920.888888888;0.19973333333333335
986;1161785;17772920.888888888;0.24966666666666668
987;1161785;17772920.888888888;0.29960000000000003
988;1161785;17772920.888888888;0.34953333333333336
989;1161785;17772920.888888888;0.3994666666666667
990;1161785;17772920.888888888;0.4494
991;1161785;19994536;0
992;1161785;19994536;0.049933333333333337
993;1161785;19994536;0.09986666666666667
994;1161785;19994536;0.14980000000000002
995;1161785;19994536;0.19973333333333335
996;1161785;19994536;0.24966666666666668
997;1161785;19994536;0.29960000000000003
998;1161785;19994536;0.34953333333333336
999;1161785;19994536;0.3994666666666667
1000;1161785;19994536;0.4494
