1;506138;0;0
2;506138;0;0.052811111111111114
3;506138;0;0.10562222222222223
4;506138;0;0.15843333333333334
5;506138;0;0.21124444444444446
6;506138;0;0.2640555555555556
7;506138;0;0.3168666666666667
8;506138;0;0.36967777777777777
9;506138;0;0.4224888888888889
10;506138;0;0.4753
11;506138;763764.1111111111;0
12;506138;763764.1111111111;0.052811111111111114
13;506138;763764.1111111111;0.10562222222222223
14;506138;763764.1111111111;0.15843333333333334
15;506138;763764.1111111111;0.21124444444444446
16;506138;763764.1111111111;0.2640555555555556
17;506138;763764.1111111111;0.3168666666666667
18;506138;763764.1111111111;0.36967777777777777
19;506138;763764.1111111111;0.4224888888888889
20;506138;763764.1111111111;0.4753
21;506138;1527528.2222222222;0
22;506138;1527528.2222222222;0.052811111111111114
23;506138;1527528.2222222222;0.10562222222222223
24;506138;1527528.2222222222;0.15843333333333334
25;506138;1527528.2222222222;0.21124444444444446
26;506138;1527528.2222222222;0.2640555555555556
27;506138;1527528.2222222222;0.3168666666666667
28;506138;1527528.2222222222;0.36967777777777777
29;506138;1527528.2222222222;0.4224888888888889
30;506138;1527528.2222222222;0.4753
31;506138;2291292.3333333335;0
32;506138;2291292.3333333335;0.052811111111111114
33;506138;2291292.3333333335;0.10562222222222223
34;506138;2291292.3333333335;0.15843333333333334
35;506138;2291292.3333333335;0.21124444444444446
36;506138;2291292.3333333335;0.2640555555555556
37;506138;2291292.3333333335;0.3168666666666667
38;506138;2291292.3333333335;0.36967777777777777
39;506138;2291292.3333333335;0.4224888888888889
40;506138;2291292.3333333335;0.4753
41;506138;3055056.4444444445;0
42;506138;3055056.4444444445;0.052811111111111114
43;506138;3055056.4444444445;0.10562222222222223
44;506138;3055056.4444444445;0.15843333333333334
45;506138;3055056.4444444445;0.21124444444444446
46;506138;3055056.4444444445;0.2640555555555556
47;506138;3055056.4444444445;0.3168666666666667
48;506138;3055056.4444444445;0.36967777777777777
49;506138;3055056.4444444445;0.4224888888888889
50;506138;3055056.4444444445;0.4753
51;506138;3818820.5555555555;0
52;506138;3818820.5555555555;0.052811111111111114
53;506138;3818820.5555555555;0.10562222222222223
54;506138;3818820.5555555555;0.15843333333333334
55;506138;3818820.5555555555;0.21124444444444446
56;506138;3818820.5555555555;0.2640555555555556
57;506138;3818820.5555555555;0.3168666666666667
58;506138;3818820.5555555555;0.36967777777777777
59;506138;3818820.5555555555;0.4224888888888889
60;506138;3818820.5555555555;0.4753
61;506138;4582584.666666667;0
62;506138;4582584.666666667;0.052811111111111114
63;506138;4582584.666666667;0.10562222222222223
64;506138;4582584.666666667;0.15843333333333334
65;506138;4582584.666666667;0.21124444444444446
66;506138;4582584.666666667;0.2640555555555556
67;506138;4582584.666666667;0.3168666666666667
68;506138;4582584.666666667;0.36967777777777777
69;506138;4582584.666666667;0.4224888888888889
70;506138;4582584.666666667;0.4753
71;506138;5346348.777777778;0
72;506138;5346348.777777778;0.052811111111111114
73;506138;5346348.777777778;0.10562222222222223
74;506138;5346348.777777778;0.15843333333333334
75;506138;5346348.777777778;0.21124444444444446
76;506138;5346348.777777778;0.2640555555555556
77;506138;5346348.777777778;0.3168666666666667
78;506138;5346348.777777778;0.36967777777777777
79;506138;5346348.777777778;0.4224888888888889
80;506138;5346348.777777778;0.4753
81;506138;6110112.888888889;0
82;506138;6110112.888888889;0.052811111111111114
83;506138;6110112.888888889;0.10562222222222223
84;506138;6110112.888888889;0.15843333333333334
85;506138;6110112.888888889;0.21124444444444446
86;506138;6110112.888888889;0.2640555555555556
87;506138;6110112.888888889;0.3168666666666667
88;506138;6110112.888888889;0.36967777777777777
89;506138;6110112.888888889;0.4224888888888889
90;506138;6110112.888888889;0.4753
91;506138;6873877;0
92;506138;6873877;0.052811111111111114
93;506138;6873877;0.10562222222222223
94;506138;6873877;0.15843333333333334
95;506138;6873877;0.21124444444444446
96;506138;6873877;0.2640555555555556
97;506138;6873877;0.3168666666666667
98;506138;6873877;0.36967777777777777
99;506138;6873877;0.4224888888888889
100;506138;6873877;0.4753
101;490257;0;0
102;490257;0;0.052811111111111114
103;490257;0;0.10562222222222223
104;490257;0;0.15843333333333334
105;490257;0;0.21124444444444446
106;490257;0;0.2640555555555556
107;490257;0;0.3168666666666667
108;490257;0;0.36967777777777777
109;490257;0;0.4224888888888889
110;490257;0;0.4753
111;490257;763764.1111111111;0
112;490257;763764.1111111111;0.052811111111111114
113;490257;763764.1111111111;0.10562222222222223
114;490257;763764.1111111111;0.15843333333333334
115;490257;763764.1111111111;0.21124444444444446
116;490257;763764.1111111111;0.2640555555555556
117;490257;763764.1111111111;0.3168666666666667
118;490257;763764.1111111111;0.36967777777777777
119;490257;763764.1111111111;0.4224888888888889
120;490257;763764.1111111111;0.4753
121;490257;1527528.2222222222;0
122;490257;1527528.2222222222;0.052811111111111114
123;490257;1527528.2222222222;0.10562222222222223
124;490257;1527528.2222222222;0.15843333333333334
125;490257;1527528.2222222222;0.21124444444444446
126;490257;1527528.2222222222;0.2640555555555556
127;490257;1527528.2222222222;0.3168666666666667
128;490257;1527528.2222222222;0.36967777777777777
129;490257;1527528.2222222222;0.4224888888888889
130;490257;1527528.2222222222;0.4753
131;490257;2291292.3333333335;0
132;490257;2291292.3333333335;0.052811111111111114
133;490257;2291292.3333333335;0.10562222222222223
134;490257;2291292.3333333335;0.15843333333333334
135;490257;2291292.3333333335;0.21124444444444446
136;490257;2291292.3333333335;0.2640555555555556
137;490257;2291292.3333333335;0.3168666666666667
138;490257;2291292.3333333335;0.36967777777777777
139;490257;2291292.3333333335;0.4224888888888889
140;490257;2291292.3333333335;0.4753
141;490257;3055056.4444444445;0
142;490257;3055056.4444444445;0.052811111111111114
143;490257;3055056.4444444445;0.10562222222222223
144;490257;3055056.4444444445;0.15843333333333334
145;490257;3055056.4444444445;0.21124444444444446
146;490257;3055056.4444444445;0.2640555555555556
147;490257;3055056.4444444445;0.3168666666666667
148;490257;3055056.4444444445;0.36967777777777777
149;490257;3055056.4444444445;0.4224888888888889
150;490257;3055056.4444444445;0.4753
151;490257;3818820.5555555555;0
152;490257;3818820.5555555555;0.052811111111111114
153;490257;3818820.5555555555;0.10562222222222223
154;490257;3818820.5555555555;0.15843333333333334
155;490257;3818820.5555555555;0.21124444444444446
156;490257;3818820.5555555555;0.2640555555555556
157;490257;3818820.5555555555;0.3168666666666667
158;490257;3818820.5555555555;0.36967777777777777
159;490257;3818820.5555555555;0.4224888888888889
160;490257;3818820.5555555555;0.4753
161;490257;4582584.666666667;0
162;490257;4582584.666666667;0.052811111111111114
163;490257;4582584.666666667;0.10562222222222223
164;490257;4582584.666666667;0.15843333333333334
165;490257;4582584.666666667;0.21124444444444446
166;490257;4582584.666666667;0.2640555555555556
167;490257;4582584.666666667;0.3168666666666667
168;490257;4582584.666666667;0.36967777777777777
169;490257;4582584.666666667;0.4224888888888889
170;490257;4582584.666666667;0.4753
171;490257;5346348.777777778;0
172;490257;5346348.777777778;0.052811111111111114
173;490257;5346348.777777778;0.10562222222222223
174;490257;5346348.777777778;0.15843333333333334
175;490257;5346348.777777778;0.21124444444444446
176;490257;5346348.777777778;0.2640555555555556
177;490257;5346348.777777778;0.3168666666666667
178;490257;5346348.777777778;0.36967777777777777
179;490257;5346348.777777778;0.4224888888888889
180;490257;5346348.777777778;0.4753
181;490257;6110112.888888889;0
182;490257;6110112.888888889;0.052811111111111114
183;490257;6110112.888888889;0.10562222222222223
184;490257;6110112.888888889;0.15843333333333334
185;490257;6110112.888888889;0.21124444444444446
186;490257;6110112.888888889;0.2640555555555556
187;490257;6110112.888888889;0.3168666666666667
188;490257;6110112.888888889;0.36967777777777777
189;490257;6110112.888888889;0.4224888888888889
190;490257;6110112.888888889;0.4753
191;490257;6873877;0
192;490257;6873877;0.052811111111111114
193;490257;6873877;0.10562222222222223
194;490257;6873877;0.15843333333333334
195;490257;6873877;0.21124444444444446
196;490257;6873877;0.2640555555555556
197;490257;6873877;0.3168666666666667
198;490257;6873877;0.36967777777777777
199;490257;6873877;0.4224888888888889
200;490257;6873877;0.4753
201;474376;0;0
202;474376;0;0.052811111111111114
203;474376;0;0.10562222222222223
204;474376;0;0.15843333333333334
205;474376;0;0.21124444444444446
206;474376;0;0.2640555555555556
207;474376;0;0.3168666666666667
208;474376;0;0.36967777777777777
209;474376;0;0.4224888888888889
210;474376;0;0.4753
211;474376;763764.1111111111;0
212;474376;763764.1111111111;0.052811111111111114
213;474376;763764.1111111111;0.10562222222222223
214;474376;763764.1111111111;0.15843333333333334
215;474376;763764.1111111111;0.21124444444444446
216;474376;763764.1111111111;0.2640555555555556
217;474376;763764.1111111111;0.3168666666666667
218;474376;763764.1111111111;0.36967777777777777
219;474376;763764.1111111111;0.4224888888888889
220;474376;763764.1111111111;0.4753
221;474376;1527528.2222222222;0
222;474376;1527528.2222222222;0.052811111111111114
223;474376;1527528.2222222222;0.10562222222222223
224;474376;1527528.2222222222;0.15843333333333334
225;474376;1527528.2222222222;0.21124444444444446
226;474376;1527528.2222222222;0.2640555555555556
227;474376;1527528.2222222222;0.3168666666666667
228;474376;1527528.2222222222;0.36967777777777777
229;474376;1527528.2222222222;0.4224888888888889
230;474376;1527528.2222222222;0.4753
231;474376;2291292.3333333335;0
232;474376;2291292.3333333335;0.052811111111111114
233;474376;2291292.3333333335;0.10562222222222223
234;474376;2291292.3333333335;0.15843333333333334
235;474376;2291292.3333333335;0.21124444444444446
236;474376;2291292.3333333335;0.2640555555555556
237;474376;2291292.3333333335;0.3168666666666667
238;474376;2291292.3333333335;0.36967777777777777
239;474376;2291292.3333333335;0.4224888888888889
240;474376;2291292.3333333335;0.4753
241;474376;3055056.4444444445;0
242;474376;3055056.4444444445;0.052811111111111114
243;474376;3055056.4444444445;0.10562222222222223
244;474376;3055056.4444444445;0.15843333333333334
245;474376;3055056.4444444445;0.21124444444444446
246;474376;3055056.4444444445;0.2640555555555556
247;474376;3055056.4444444445;0.3168666666666667
248;474376;3055056.4444444445;0.36967777777777777
249;474376;3055056.4444444445;0.4224888888888889
250;474376;3055056.4444444445;0.4753
251;474376;3818820.5555555555;0
252;474376;3818820.5555555555;0.052811111111111114
253;474376;3818820.5555555555;0.10562222222222223
254;474376;3818820.5555555555;0.15843333333333334
255;474376;3818820.5555555555;0.21124444444444446
256;474376;3818820.5555555555;0.2640555555555556
257;474376;3818820.5555555555;0.3168666666666667
258;474376;3818820.5555555555;0.36967777777777777
259;474376;3818820.5555555555;0.4224888888888889
260;474376;3818820.5555555555;0.4753
261;474376;4582584.666666667;0
262;474376;4582584.666666667;0.052811111111111114
263;474376;4582584.666666667;0.10562222222222223
264;474376;4582584.666666667;0.15843333333333334
265;474376;4582584.666666667;0.21124444444444446
266;474376;4582584.666666667;0.2640555555555556
267;474376;4582584.666666667;0.3168666666666667
268;474376;4582584.666666667;0.36967777777777777
269;474376;4582584.666666667;0.4224888888888889
270;474376;4582584.666666667;0.4753
271;474376;5346348.777777778;0
272;474376;5346348.777777778;0.052811111111111114
273;474376;5346348.777777778;0.10562222222222223
274;474376;5346348.777777778;0.15843333333333334
275;474376;5346348.777777778;0.21124444444444446
276;474376;5346348.777777778;0.2640555555555556
277;474376;5346348.777777778;0.3168666666666667
278;474376;5346348.777777778;0.36967777777777777
279;474376;5346348.777777778;0.4224888888888889
280;474376;5346348.777777778;0.4753
281;474376;6110112.888888889;0
282;474376;6110112.888888889;0.052811111111111114
283;474376;6110112.888888889;0.10562222222222223
284;474376;6110112.888888889;0.15843333333333334
285;474376;6110112.888888889;0.21124444444444446
286;474376;6110112.888888889;0.2640555555555556
287;474376;6110112.888888889;0.3168666666666667
288;474376;6110112.888888889;0.36967777777777777
289;474376;6110112.888888889;0.4224888888888889
290;474376;6110112.888888889;0.4753
291;474376;6873877;0
292;474376;6873877;0.052811111111111114
293;474376;6873877;0.10562222222222223
294;474376;6873877;0.15843333333333334
295;474376;6873877;0.21124444444444446
296;474376;6873877;0.2640555555555556
297;474376;6873877;0.3168666666666667
298;474376;6873877;0.36967777777777777
299;474376;6873877;0.4224888888888889
300;474376;6873877;0.4753
301;458496;0;0
302;458496;0;0.052811111111111114
303;458496;0;0.10562222222222223
304;458496;0;0.15843333333333334
305;458496;0;0.21124444444444446
306;458496;0;0.2640555555555556
307;458496;0;0.3168666666666667
308;458496;0;0.36967777777777777
309;458496;0;0.4224888888888889
310;458496;0;0.4753
311;458496;763764.1111111111;0
312;458496;763764.1111111111;0.052811111111111114
313;458496;763764.1111111111;0.10562222222222223
314;458496;763764.1111111111;0.15843333333333334
315;458496;763764.1111111111;0.21124444444444446
316;458496;763764.1111111111;0.2640555555555556
317;458496;763764.1111111111;0.3168666666666667
318;458496;763764.1111111111;0.36967777777777777
319;458496;763764.1111111111;0.4224888888888889
320;458496;763764.1111111111;0.4753
321;458496;1527528.2222222222;0
322;458496;1527528.2222222222;0.052811111111111114
323;458496;1527528.2222222222;0.10562222222222223
324;458496;1527528.2222222222;0.15843333333333334
325;458496;1527528.2222222222;0.21124444444444446
326;458496;1527528.2222222222;0.2640555555555556
327;458496;1527528.2222222222;0.3168666666666667
328;458496;1527528.2222222222;0.36967777777777777
329;458496;1527528.2222222222;0.4224888888888889
330;458496;1527528.2222222222;0.4753
331;458496;2291292.3333333335;0
332;458496;2291292.3333333335;0.052811111111111114
333;458496;2291292.3333333335;0.10562222222222223
334;458496;2291292.3333333335;0.15843333333333334
335;458496;2291292.3333333335;0.21124444444444446
336;458496;2291292.3333333335;0.2640555555555556
337;458496;2291292.3333333335;0.3168666666666667
338;458496;2291292.3333333335;0.36967777777777777
339;458496;2291292.3333333335;0.4224888888888889
340;458496;2291292.3333333335;0.4753
341;458496;3055056.4444444445;0
342;458496;3055056.4444444445;0.052811111111111114
343;458496;3055056.4444444445;0.10562222222222223
344;458496;3055056.4444444445;0.15843333333333334
345;458496;3055056.4444444445;0.21124444444444446
346;458496;3055056.4444444445;0.2640555555555556
347;458496;3055056.4444444445;0.3168666666666667
348;458496;3055056.4444444445;0.36967777777777777
349;458496;3055056.4444444445;0.4224888888888889
350;458496;3055056.4444444445;0.4753
351;458496;3818820.5555555555;0
352;458496;3818820.5555555555;0.052811111111111114
353;458496;3818820.5555555555;0.10562222222222223
354;458496;3818820.5555555555;0.15843333333333334
355;458496;3818820.5555555555;0.21124444444444446
356;458496;3818820.5555555555;0.2640555555555556
357;458496;3818820.5555555555;0.3168666666666667
358;458496;3818820.5555555555;0.36967777777777777
359;458496;3818820.5555555555;0.4224888888888889
360;458496;3818820.5555555555;0.4753
361;458496;4582584.666666667;0
362;458496;4582584.666666667;0.052811111111111114
363;458496;4582584.666666667;0.10562222222222223
364;458496;4582584.666666667;0.15843333333333334
365;458496;4582584.666666667;0.21124444444444446
366;458496;4582584.666666667;0.2640555555555556
367;458496;4582584.666666667;0.3168666666666667
368;458496;4582584.666666667;0.36967777777777777
369;458496;4582584.666666667;0.4224888888888889
370;458496;4582584.666666667;0.4753
371;458496;5346348.777777778;0
372;458496;5346348.777777778;0.052811111111111114
373;458496;5346348.777777778;0.10562222222222223
374;458496;5346348.777777778;0.15843333333333334
375;458496;5346348.777777778;0.21124444444444446
376;458496;5346348.777777778;0.2640555555555556
377;458496;5346348.777777778;0.3168666666666667
378;458496;5346348.777777778;0.36967777777777777
379;458496;5346348.777777778;0.4224888888888889
380;458496;5346348.777777778;0.4753
381;458496;6110112.888888889;0
382;458496;6110112.888888889;0.052811111111111114
383;458496;6110112.888888889;0.10562222222222223
384;458496;6110112.888888889;0.15843333333333334
385;458496;6110112.888888889;0.21124444444444446
386;458496;6110112.888888889;0.2640555555555556
387;458496;6110112.888888889;0.3168666666666667
388;458496;6110112.888888889;0.36967777777777777
389;458496;6110112.888888889;0.4224888888888889
390;458496;6110112.888888889;0.4753
391;458496;6873877;0
392;458496;6873877;0.052811111111111114
393;458496;6873877;0.10562222222222223
394;458496;6873877;0.15843333333333334
395;458496;6873877;0.21124444444444446
396;458496;6873877;0.2640555555555556
397;458496;6873877;0.3168666666666667
398;458496;6873877;0.36967777777777777
399;458496;6873877;0.4224888888888889
400;458496;6873877;0.4753
401;442615;0;0
402;442615;0;0.052811111111111114
403;442615;0;0.10562222222222223
404;442615;0;0.15843333333333334
405;442615;0;0.21124444444444446
406;442615;0;0.2640555555555556
407;442615;0;0.3168666666666667
408;442615;0;0.36967777777777777
409;442615;0;0.4224888888888889
410;442615;0;0.4753
411;442615;763764.1111111111;0
412;442615;763764.1111111111;0.052811111111111114
413;442615;763764.1111111111;0.10562222222222223
414;442615;763764.1111111111;0.15843333333333334
415;442615;763764.1111111111;0.21124444444444446
416;442615;763764.1111111111;0.2640555555555556
417;442615;763764.1111111111;0.3168666666666667
418;442615;763764.1111111111;0.36967777777777777
419;442615;763764.1111111111;0.4224888888888889
420;442615;763764.1111111111;0.4753
421;442615;1527528.2222222222;0
422;442615;1527528.2222222222;0.052811111111111114
423;442615;1527528.2222222222;0.10562222222222223
424;442615;1527528.2222222222;0.15843333333333334
425;442615;1527528.2222222222;0.21124444444444446
426;442615;1527528.2222222222;0.2640555555555556
427;442615;1527528.2222222222;0.3168666666666667
428;442615;1527528.2222222222;0.36967777777777777
429;442615;1527528.2222222222;0.4224888888888889
430;442615;1527528.2222222222;0.4753
431;442615;2291292.3333333335;0
432;442615;2291292.3333333335;0.052811111111111114
433;442615;2291292.3333333335;0.10562222222222223
434;442615;2291292.3333333335;0.15843333333333334
435;442615;2291292.3333333335;0.21124444444444446
436;442615;2291292.3333333335;0.2640555555555556
437;442615;2291292.3333333335;0.3168666666666667
438;442615;2291292.3333333335;0.36967777777777777
439;442615;2291292.3333333335;0.4224888888888889
440;442615;2291292.3333333335;0.4753
441;442615;3055056.4444444445;0
442;442615;3055056.4444444445;0.052811111111111114
443;442615;3055056.4444444445;0.10562222222222223
444;442615;3055056.4444444445;0.15843333333333334
445;442615;3055056.4444444445;0.21124444444444446
446;442615;3055056.4444444445;0.2640555555555556
447;442615;3055056.4444444445;0.3168666666666667
448;442615;3055056.4444444445;0.36967777777777777
449;442615;3055056.4444444445;0.4224888888888889
450;442615;3055056.4444444445;0.4753
451;442615;3818820.5555555555;0
452;442615;3818820.5555555555;0.052811111111111114
453;442615;3818820.5555555555;0.10562222222222223
454;442615;3818820.5555555555;0.15843333333333334
455;442615;3818820.5555555555;0.21124444444444446
456;442615;3818820.5555555555;0.2640555555555556
457;442615;3818820.5555555555;0.3168666666666667
458;442615;3818820.5555555555;0.36967777777777777
459;442615;3818820.5555555555;0.4224888888888889
460;442615;3818820.5555555555;0.4753
461;442615;4582584.666666667;0
462;442615;4582584.666666667;0.052811111111111114
463;442615;4582584.666666667;0.10562222222222223
464;442615;4582584.666666667;0.15843333333333334
465;442615;4582584.666666667;0.21124444444444446
466;442615;4582584.666666667;0.2640555555555556
467;442615;4582584.666666667;0.3168666666666667
468;442615;4582584.666666667;0.36967777777777777
469;442615;4582584.666666667;0.4224888888888889
470;442615;4582584.666666667;0.4753
471;442615;5346348.777777778;0
472;442615;5346348.777777778;0.052811111111111114
473;442615;5346348.777777778;0.10562222222222223
474;442615;5346348.777777778;0.15843333333333334
475;442615;5346348.777777778;0.21124444444444446
476;442615;5346348.777777778;0.2640555555555556
477;442615;5346348.777777778;0.3168666666666667
478;442615;5346348.777777778;0.36967777777777777
479;442615;5346348.777777778;0.4224888888888889
480;442615;5346348.777777778;0.4753
481;442615;6110112.888888889;0
482;442615;6110112.888888889;0.052811111111111114
483;442615;6110112.888888889;0.10562222222222223
484;442615;6110112.888888889;0.15843333333333334
485;442615;6110112.888888889;0.21124444444444446
486;442615;6110112.888888889;0.2640555555555556
487;442615;6110112.888888889;0.3168666666666667
488;442615;6110112.888888889;0.36967777777777777
489;442615;6110112.888888889;0.4224888888888889
490;442615;6110112.888888889;0.4753
491;442615;6873877;0
492;442615;6873877;0.052811111111111114
493;442615;6873877;0.10562222222222223
494;442615;6873877;0.15843333333333334
495;442615;6873877;0.21124444444444446
496;442615;6873877;0.2640555555555556
497;442615;6873877;0.3168666666666667
498;442615;6873877;0.36967777777777777
499;442615;6873877;0.4224888888888889
500;442615;6873877;0.4753
501;426735;0;0
502;426735;0;0.052811111111111114
503;426735;0;0.10562222222222223
504;426735;0;0.15843333333333334
505;426735;0;0.21124444444444446
506;426735;0;0.2640555555555556
507;426735;0;0.3168666666666667
508;426735;0;0.36967777777777777
509;426735;0;0.4224888888888889
510;426735;0;0.4753
511;426735;763764.1111111111;0
512;426735;763764.1111111111;0.052811111111111114
513;426735;763764.1111111111;0.10562222222222223
514;426735;763764.1111111111;0.15843333333333334
515;426735;763764.1111111111;0.21124444444444446
516;426735;763764.1111111111;0.2640555555555556
517;426735;763764.1111111111;0.3168666666666667
518;426735;763764.1111111111;0.36967777777777777
519;426735;763764.1111111111;0.4224888888888889
520;426735;763764.1111111111;0.4753
521;426735;1527528.2222222222;0
522;426735;1527528.2222222222;0.052811111111111114
523;426735;1527528.2222222222;0.10562222222222223
524;426735;1527528.2222222222;0.15843333333333334
525;426735;1527528.2222222222;0.21124444444444446
526;426735;1527528.2222222222;0.2640555555555556
527;426735;1527528.2222222222;0.3168666666666667
528;426735;1527528.2222222222;0.36967777777777777
529;426735;1527528.2222222222;0.4224888888888889
530;426735;1527528.2222222222;0.4753
531;426735;2291292.3333333335;0
532;426735;2291292.3333333335;0.052811111111111114
533;426735;2291292.3333333335;0.10562222222222223
534;426735;2291292.3333333335;0.15843333333333334
535;426735;2291292.3333333335;0.21124444444444446
536;426735;2291292.3333333335;0.2640555555555556
537;426735;2291292.3333333335;0.3168666666666667
538;426735;2291292.3333333335;0.36967777777777777
539;426735;2291292.3333333335;0.4224888888888889
540;426735;2291292.3333333335;0.4753
541;426735;3055056.4444444445;0
542;426735;3055056.4444444445;0.052811111111111114
543;426735;3055056.4444444445;0.10562222222222223
544;426735;3055056.4444444445;0.15843333333333334
545;426735;3055056.4444444445;0.21124444444444446
546;426735;3055056.4444444445;0.2640555555555556
547;426735;3055056.4444444445;0.3168666666666667
548;426735;3055056.4444444445;0.36967777777777777
549;426735;3055056.4444444445;0.4224888888888889
550;426735;3055056.4444444445;0.4753
551;426735;3818820.5555555555;0
552;426735;3818820.5555555555;0.052811111111111114
553;426735;3818820.5555555555;0.10562222222222223
554;426735;3818820.5555555555;0.15843333333333334
555;426735;3818820.5555555555;0.21124444444444446
556;426735;3818820.5555555555;0.2640555555555556
557;426735;3818820.5555555555;0.3168666666666667
558;426735;3818820.5555555555;0.36967777777777777
559;426735;3818820.5555555555;0.4224888888888889
560;426735;3818820.5555555555;0.4753
561;426735;4582584.666666667;0
562;426735;4582584.666666667;0.052811111111111114
563;426735;4582584.666666667;0.10562222222222223
564;426735;4582584.666666667;0.15843333333333334
565;426735;4582584.666666667;0.21124444444444446
566;426735;4582584.666666667;0.2640555555555556
567;426735;4582584.666666667;0.3168666666666667
568;426735;4582584.666666667;0.36967777777777777
569;426735;4582584.666666667;0.4224888888888889
570;426735;4582584.666666667;0.4753
571;426735;5346348.777777778;0
572;426735;5346348.777777778;0.052811111111111114
573;426735;5346348.777777778;0.10562222222222223
574;426735;5346348.777777778;0.15843333333333334
575;426735;5346348.777777778;0.21124444444444446
576;426735;5346348.777777778;0.2640555555555556
577;426735;5346348.777777778;0.3168666666666667
578;426735;5346348.777777778;0.36967777777777777
579;426735;5346348.777777778;0.4224888888888889
580;426735;5346348.777777778;0.4753
581;426735;6110112.888888889;0
582;426735;6110112.888888889;0.052811111111111114
583;426735;6110112.888888889;0.10562222222222223
584;426735;6110112.888888889;0.15843333333333334
585;426735;6110112.888888889;0.21124444444444446
586;426735;6110112.888888889;0.2640555555555556
587;426735;6110112.888888889;0.3168666666666667
588;426735;6110112.888888889;0.36967777777777777
589;426735;6110112.888888889;0.4224888888888889
590;426735;6110112.888888889;0.4753
591;426735;6873877;0
592;426735;6873877;0.052811111111111114
593;426735;6873877;0.10562222222222223
594;426735;6873877;0.15843333333333334
595;426735;6873877;0.21124444444444446
596;426735;6873877;0.2640555555555556
597;426735;6873877;0.3168666666666667
598;426735;6873877;0.36967777777777777
599;426735;6873877;0.4224888888888889
600;426735;6873877;0.4753
601;410854;0;0
602;410854;0;0.052811111111111114
603;410854;0;0.10562222222222223
604;410854;0;0.15843333333333334
605;410854;0;0.21124444444444446
606;410854;0;0.2640555555555556
607;410854;0;0.3168666666666667
608;410854;0;0.36967777777777777
609;410854;0;0.4224888888888889
610;410854;0;0.4753
611;410854;763764.1111111111;0
612;410854;763764.1111111111;0.052811111111111114
613;410854;763764.1111111111;0.10562222222222223
614;410854;763764.1111111111;0.15843333333333334
615;410854;763764.1111111111;0.21124444444444446
616;410854;763764.1111111111;0.2640555555555556
617;410854;763764.1111111111;0.3168666666666667
618;410854;763764.1111111111;0.36967777777777777
619;410854;763764.1111111111;0.4224888888888889
620;410854;763764.1111111111;0.4753
621;410854;1527528.2222222222;0
622;410854;1527528.2222222222;0.052811111111111114
623;410854;1527528.2222222222;0.10562222222222223
624;410854;1527528.2222222222;0.15843333333333334
625;410854;1527528.2222222222;0.21124444444444446
626;410854;1527528.2222222222;0.2640555555555556
627;410854;1527528.2222222222;0.3168666666666667
628;410854;1527528.2222222222;0.36967777777777777
629;410854;1527528.2222222222;0.4224888888888889
630;410854;1527528.2222222222;0.4753
631;410854;2291292.3333333335;0
632;410854;2291292.3333333335;0.052811111111111114
633;410854;2291292.3333333335;0.10562222222222223
634;410854;2291292.3333333335;0.15843333333333334
635;410854;2291292.3333333335;0.21124444444444446
636;410854;2291292.3333333335;0.2640555555555556
637;410854;2291292.3333333335;0.3168666666666667
638;410854;2291292.3333333335;0.36967777777777777
639;410854;2291292.3333333335;0.4224888888888889
640;410854;2291292.3333333335;0.4753
641;410854;3055056.4444444445;0
642;410854;3055056.4444444445;0.052811111111111114
643;410854;3055056.4444444445;0.10562222222222223
644;410854;3055056.4444444445;0.15843333333333334
645;410854;3055056.4444444445;0.21124444444444446
646;410854;3055056.4444444445;0.2640555555555556
647;410854;3055056.4444444445;0.3168666666666667
648;410854;3055056.4444444445;0.36967777777777777
649;410854;3055056.4444444445;0.4224888888888889
650;410854;3055056.4444444445;0.4753
651;410854;3818820.5555555555;0
652;410854;3818820.5555555555;0.052811111111111114
653;410854;3818820.5555555555;0.10562222222222223
654;410854;3818820.5555555555;0.15843333333333334
655;410854;3818820.5555555555;0.21124444444444446
656;410854;3818820.5555555555;0.2640555555555556
657;410854;3818820.5555555555;0.3168666666666667
658;410854;3818820.5555555555;0.36967777777777777
659;410854;3818820.5555555555;0.4224888888888889
660;410854;3818820.5555555555;0.4753
661;410854;4582584.666666667;0
662;410854;4582584.666666667;0.052811111111111114
663;410854;4582584.666666667;0.10562222222222223
664;410854;4582584.666666667;0.15843333333333334
665;410854;4582584.666666667;0.21124444444444446
666;410854;4582584.666666667;0.2640555555555556
667;410854;4582584.666666667;0.3168666666666667
668;410854;4582584.666666667;0.36967777777777777
669;410854;4582584.666666667;0.4224888888888889
670;410854;4582584.666666667;0.4753
671;410854;5346348.777777778;0
672;410854;5346348.777777778;0.052811111111111114
673;410854;5346348.777777778;0.10562222222222223
674;410854;5346348.777777778;0.15843333333333334
675;410854;5346348.777777778;0.21124444444444446
676;410854;5346348.777777778;0.2640555555555556
677;410854;5346348.777777778;0.3168666666666667
678;410854;5346348.777777778;0.36967777777777777
679;410854;5346348.777777778;0.4224888888888889
680;410854;5346348.777777778;0.4753
681;410854;6110112.888888889;0
682;410854;6110112.888888889;0.052811111111111114
683;410854;6110112.888888889;0.10562222222222223
684;410854;6110112.888888889;0.15843333333333334
685;410854;6110112.888888889;0.21124444444444446
686;410854;6110112.888888889;0.2640555555555556
687;410854;6110112.888888889;0.3168666666666667
688;410854;6110112.888888889;0.36967777777777777
689;410854;6110112.888888889;0.4224888888888889
690;410854;6110112.888888889;0.4753
691;410854;6873877;0
692;410854;6873877;0.052811111111111114
693;410854;6873877;0.10562222222222223
694;410854;6873877;0.15843333333333334
695;410854;6873877;0.21124444444444446
696;410854;6873877;0.2640555555555556
697;410854;6873877;0.3168666666666667
698;410854;6873877;0.36967777777777777
699;410854;6873877;0.4224888888888889
700;410854;6873877;0.4753
701;394974;0;0
702;394974;0;0.052811111111111114
703;394974;0;0.10562222222222223
704;394974;0;0.15843333333333334
705;394974;0;0.21124444444444446
706;394974;0;0.2640555555555556
707;394974;0;0.3168666666666667
708;394974;0;0.36967777777777777
709;394974;0;0.4224888888888889
710;394974;0;0.4753
711;394974;763764.1111111111;0
712;394974;763764.1111111111;0.052811111111111114
713;394974;763764.1111111111;0.10562222222222223
714;394974;763764.1111111111;0.15843333333333334
715;394974;763764.1111111111;0.21124444444444446
716;394974;763764.1111111111;0.2640555555555556
717;394974;763764.1111111111;0.3168666666666667
718;394974;763764.1111111111;0.36967777777777777
719;394974;763764.1111111111;0.4224888888888889
720;394974;763764.1111111111;0.4753
721;394974;1527528.2222222222;0
722;394974;1527528.2222222222;0.052811111111111114
723;394974;1527528.2222222222;0.10562222222222223
724;394974;1527528.2222222222;0.15843333333333334
725;394974;1527528.2222222222;0.21124444444444446
726;394974;1527528.2222222222;0.2640555555555556
727;394974;1527528.2222222222;0.3168666666666667
728;394974;1527528.2222222222;0.36967777777777777
729;394974;1527528.2222222222;0.4224888888888889
730;394974;1527528.2222222222;0.4753
731;394974;2291292.3333333335;0
732;394974;2291292.3333333335;0.052811111111111114
733;394974;2291292.3333333335;0.10562222222222223
734;394974;2291292.3333333335;0.15843333333333334
735;394974;2291292.3333333335;0.21124444444444446
736;394974;2291292.3333333335;0.2640555555555556
737;394974;2291292.3333333335;0.3168666666666667
738;394974;2291292.3333333335;0.36967777777777777
739;394974;2291292.3333333335;0.4224888888888889
740;394974;2291292.3333333335;0.4753
741;394974;3055056.4444444445;0
742;394974;3055056.4444444445;0.052811111111111114
743;394974;3055056.4444444445;0.10562222222222223
744;394974;3055056.4444444445;0.15843333333333334
745;394974;3055056.4444444445;0.21124444444444446
746;394974;3055056.4444444445;0.2640555555555556
747;394974;3055056.4444444445;0.3168666666666667
748;394974;3055056.4444444445;0.36967777777777777
749;394974;3055056.4444444445;0.4224888888888889
750;394974;3055056.4444444445;0.4753
751;394974;3818820.5555555555;0
752;394974;3818820.5555555555;0.052811111111111114
753;394974;3818820.5555555555;0.10562222222222223
754;394974;3818820.5555555555;0.15843333333333334
755;394974;3818820.5555555555;0.21124444444444446
756;394974;3818820.5555555555;0.2640555555555556
757;394974;3818820.5555555555;0.3168666666666667
758;394974;3818820.5555555555;0.36967777777777777
759;394974;3818820.5555555555;0.4224888888888889
760;394974;3818820.5555555555;0.4753
761;394974;4582584.666666667;0
762;394974;4582584.666666667;0.052811111111111114
763;394974;4582584.666666667;0.10562222222222223
764;394974;4582584.666666667;0.15843333333333334
765;394974;4582584.666666667;0.21124444444444446
766;394974;4582584.666666667;0.2640555555555556
767;394974;4582584.666666667;0.3168666666666667
768;394974;4582584.666666667;0.36967777777777777
769;394974;4582584.666666667;0.4224888888888889
770;394974;4582584.666666667;0.4753
771;394974;5346348.777777778;0
772;394974;5346348.777777778;0.052811111111111114
773;394974;5346348.777777778;0.10562222222222223
774;394974;5346348.777777778;0.15843333333333334
775;394974;5346348.777777778;0.21124444444444446
776;394974;5346348.777777778;0.2640555555555556
777;394974;5346348.777777778;0.3168666666666667
778;394974;5346348.777777778;0.36967777777777777
779;394974;5346348.777777778;0.4224888888888889
780;394974;5346348.777777778;0.4753
781;394974;6110112.888888889;0
782;394974;6110112.888888889;0.052811111111111114
783;394974;6110112.888888889;0.10562222222222223
784;394974;6110112.888888889;0.15843333333333334
785;394974;6110112.888888889;0.21124444444444446
786;394974;6110112.888888889;0.2640555555555556
787;394974;6110112.888888889;0.3168666666666667
788;394974;6110112.888888889;0.36967777777777777
789;394974;6110112.888888889;0.4224888888888889
790;394974;6110112.888888889;0.4753
791;394974;6873877;0
792;394974;6873877;0.052811111111111114
793;394974;6873877;0.10562222222222223
794;394974;6873877;0.15843333333333334
795;394974;6873877;0.21124444444444446
796;394974;6873877;0.2640555555555556
797;394974;6873877;0.3168666666666667
798;394974;6873877;0.36967777777777777
799;394974;6873877;0.4224888888888889
800;394974;6873877;0.4753
801;379093;0;0
802;379093;0;0.052811111111111114
803;379093;0;0.10562222222222223
804;379093;0;0.15843333333333334
805;379093;0;0.21124444444444446
806;379093;0;0.2640555555555556
807;379093;0;0.3168666666666667
808;379093;0;0.36967777777777777
809;379093;0;0.4224888888888889
810;379093;0;0.4753
811;379093;763764.1111111111;0
812;379093;763764.1111111111;0.052811111111111114
813;379093;763764.1111111111;0.10562222222222223
814;379093;763764.1111111111;0.15843333333333334
815;379093;763764.1111111111;0.21124444444444446
816;379093;763764.1111111111;0.2640555555555556
817;379093;763764.1111111111;0.3168666666666667
818;379093;763764.1111111111;0.36967777777777777
819;379093;763764.1111111111;0.4224888888888889
820;379093;763764.1111111111;0.4753
821;379093;1527528.2222222222;0
822;379093;1527528.2222222222;0.052811111111111114
823;379093;1527528.2222222222;0.10562222222222223
824;379093;1527528.2222222222;0.15843333333333334
825;379093;1527528.2222222222;0.21124444444444446
826;379093;1527528.2222222222;0.2640555555555556
827;379093;1527528.2222222222;0.3168666666666667
828;379093;1527528.2222222222;0.36967777777777777
829;379093;1527528.2222222222;0.4224888888888889
830;379093;1527528.2222222222;0.4753
831;379093;2291292.3333333335;0
832;379093;2291292.3333333335;0.052811111111111114
833;379093;2291292.3333333335;0.10562222222222223
834;379093;2291292.3333333335;0.15843333333333334
835;379093;2291292.3333333335;0.21124444444444446
836;379093;2291292.3333333335;0.2640555555555556
837;379093;2291292.3333333335;0.3168666666666667
838;379093;2291292.3333333335;0.36967777777777777
839;379093;2291292.3333333335;0.4224888888888889
840;379093;2291292.3333333335;0.4753
841;379093;3055056.4444444445;0
842;379093;3055056.4444444445;0.052811111111111114
843;379093;3055056.4444444445;0.10562222222222223
844;379093;3055056.4444444445;0.15843333333333334
845;379093;3055056.4444444445;0.21124444444444446
846;379093;3055056.4444444445;0.2640555555555556
847;379093;3055056.4444444445;0.3168666666666667
848;379093;3055056.4444444445;0.36967777777777777
849;379093;3055056.4444444445;0.4224888888888889
850;379093;3055056.4444444445;0.4753
851;379093;3818820.5555555555;0
852;379093;3818820.5555555555;0.052811111111111114
853;379093;3818820.5555555555;0.10562222222222223
854;379093;3818820.5555555555;0.15843333333333334
855;379093;3818820.5555555555;0.21124444444444446
856;379093;3818820.5555555555;0.2640555555555556
857;379093;3818820.5555555555;0.3168666666666667
858;379093;3818820.5555555555;0.36967777777777777
859;379093;3818820.5555555555;0.4224888888888889
860;379093;3818820.5555555555;0.4753
861;379093;4582584.666666667;0
862;379093;4582584.666666667;0.052811111111111114
863;379093;4582584.666666667;0.10562222222222223
864;379093;4582584.666666667;0.15843333333333334
865;379093;4582584.666666667;0.21124444444444446
866;379093;4582584.666666667;0.2640555555555556
867;379093;4582584.666666667;0.3168666666666667
868;379093;4582584.666666667;0.36967777777777777
869;379093;4582584.666666667;0.4224888888888889
870;379093;4582584.666666667;0.4753
871;379093;5346348.777777778;0
872;379093;5346348.777777778;0.052811111111111114
873;379093;5346348.777777778;0.10562222222222223
874;379093;5346348.777777778;0.15843333333333334
875;379093;5346348.777777778;0.21124444444444446
876;379093;5346348.777777778;0.2640555555555556
877;379093;5346348.777777778;0.3168666666666667
878;379093;5346348.777777778;0.36967777777777777
879;379093;5346348.777777778;0.4224888888888889
880;379093;5346348.777777778;0.4753
881;379093;6110112.888888889;0
882;379093;6110112.888888889;0.052811111111111114
883;379093;6110112.888888889;0.10562222222222223
884;379093;6110112.888888889;0.15843333333333334
885;379093;6110112.888888889;0.21124444444444446
886;379093;6110112.888888889;0.2640555555555556
887;379093;6110112.888888889;0.3168666666666667
888;379093;6110112.888888889;0.36967777777777777
889;379093;6110112.888888889;0.4224888888888889
890;379093;6110112.888888889;0.4753
891;379093;6873877;0
892;379093;6873877;0.052811111111111114
893;379093;6873877;0.10562222222222223
894;379093;6873877;0.15843333333333334
895;379093;6873877;0.21124444444444446
896;379093;6873877;0.2640555555555556
897;379093;6873877;0.3168666666666667
898;379093;6873877;0.36967777777777777
899;379093;6873877;0.4224888888888889
900;379093;6873877;0.4753
901;363213;0;0
902;363213;0;0.052811111111111114
903;363213;0;0.10562222222222223
904;363213;0;0.15843333333333334
905;363213;0;0.21124444444444446
906;363213;0;0.2640555555555556
907;363213;0;0.3168666666666667
908;363213;0;0.36967777777777777
909;363213;0;0.4224888888888889
910;363213;0;0.4753
911;363213;763764.1111111111;0
912;363213;763764.1111111111;0.052811111111111114
913;363213;763764.1111111111;0.10562222222222223
914;363213;763764.1111111111;0.15843333333333334
915;363213;763764.1111111111;0.21124444444444446
916;363213;763764.1111111111;0.2640555555555556
917;363213;763764.1111111111;0.3168666666666667
918;363213;763764.1111111111;0.36967777777777777
919;363213;763764.1111111111;0.4224888888888889
920;363213;763764.1111111111;0.4753
921;363213;1527528.2222222222;0
922;363213;1527528.2222222222;0.052811111111111114
923;363213;1527528.2222222222;0.10562222222222223
924;363213;1527528.2222222222;0.15843333333333334
925;363213;1527528.2222222222;0.21124444444444446
926;363213;1527528.2222222222;0.2640555555555556
927;363213;1527528.2222222222;0.3168666666666667
928;363213;1527528.2222222222;0.36967777777777777
929;363213;1527528.2222222222;0.4224888888888889
930;363213;1527528.2222222222;0.4753
931;363213;2291292.3333333335;0
932;363213;2291292.3333333335;0.052811111111111114
933;363213;2291292.3333333335;0.10562222222222223
934;363213;2291292.3333333335;0.15843333333333334
935;363213;2291292.3333333335;0.21124444444444446
936;363213;2291292.3333333335;0.2640555555555556
937;363213;2291292.3333333335;0.3168666666666667
938;363213;2291292.3333333335;0.36967777777777777
939;363213;2291292.3333333335;0.4224888888888889
940;363213;2291292.3333333335;0.4753
941;363213;3055056.4444444445;0
942;363213;3055056.4444444445;0.052811111111111114
943;363213;3055056.4444444445;0.10562222222222223
944;363213;3055056.4444444445;0.15843333333333334
945;363213;3055056.4444444445;0.21124444444444446
946;363213;3055056.4444444445;0.2640555555555556
947;363213;3055056.4444444445;0.3168666666666667
948;363213;3055056.4444444445;0.36967777777777777
949;363213;3055056.4444444445;0.4224888888888889
950;363213;3055056.4444444445;0.4753
951;363213;3818820.5555555555;0
952;363213;3818820.5555555555;0.052811111111111114
953;363213;3818820.5555555555;0.10562222222222223
954;363213;3818820.5555555555;0.15843333333333334
955;363213;3818820.5555555555;0.21124444444444446
956;363213;3818820.5555555555;0.2640555555555556
957;363213;3818820.5555555555;0.3168666666666667
958;363213;3818820.5555555555;0.36967777777777777
959;363213;3818820.5555555555;0.4224888888888889
960;363213;3818820.5555555555;0.4753
961;363213;4582584.666666667;0
962;363213;4582584.666666667;0.052811111111111114
963;363213;4582584.666666667;0.10562222222222223
964;363213;4582584.666666667;0.15843333333333334
965;363213;4582584.666666667;0.21124444444444446
966;363213;4582584.666666667;0.2640555555555556
967;363213;4582584.666666667;0.3168666666666667
968;363213;4582584.666666667;0.36967777777777777
969;363213;4582584.666666667;0.4224888888888889
970;363213;4582584.666666667;0.4753
971;363213;5346348.777777778;0
972;363213;5346348.777777778;0.052811111111111114
973;363213;5346348.777777778;0.10562222222222223
974;363213;5346348.777777778;0.15843333333333334
975;363213;5346348.777777778;0.21124444444444446
976;363213;5346348.777777778;0.2640555555555556
977;363213;5346348.777777778;0.3168666666666667
978;363213;5346348.777777778;0.36967777777777777
979;363213;5346348.777777778;0.4224888888888889
980;363213;5346348.777777778;0.4753
981;363213;6110112.888888889;0
982;363213;6110112.888888889;0.052811111111111114
983;363213;6110112.888888889;0.10562222222222223
984;363213;6110112.888888889;0.15843333333333334
985;363213;6110112.888888889;0.21124444444444446
986;363213;6110112.888888889;0.2640555555555556
987;363213;6110112.888888889;0.3168666666666667
988;363213;6110112.888888889;0.36967777777777777
989;363213;6110112.888888889;0.4224888888888889
990;363213;6110112.888888889;0.4753
991;363213;6873877;0
992;363213;6873877;0.052811111111111114
993;363213;6873877;0.10562222222222223
994;363213;6873877;0.15843333333333334
995;363213;6873877;0.21124444444444446
996;363213;6873877;0.2640555555555556
997;363213;6873877;0.3168666666666667
998;363213;6873877;0.36967777777777777
999;363213;6873877;0.4224888888888889
1000;363213;6873877;0.4753
