1;70509;0;0
2;70509;0;0.05544444444444444
3;70509;0;0.11088888888888888
4;70509;0;0.16633333333333333
5;70509;0;0.22177777777777777
6;70509;0;0.2772222222222222
7;70509;0;0.33266666666666667
8;70509;0;0.3881111111111111
9;70509;0;0.44355555555555554
10;70509;0;0.499
11;70509;76606.66666666667;0
12;70509;76606.66666666667;0.05544444444444444
13;70509;76606.66666666667;0.11088888888888888
14;70509;76606.66666666667;0.16633333333333333
15;70509;76606.66666666667;0.22177777777777777
16;70509;76606.66666666667;0.2772222222222222
17;70509;76606.66666666667;0.33266666666666667
18;70509;76606.66666666667;0.3881111111111111
19;70509;76606.66666666667;0.44355555555555554
20;70509;76606.66666666667;0.499
21;70509;153213.33333333334;0
22;70509;153213.33333333334;0.05544444444444444
23;70509;153213.33333333334;0.11088888888888888
24;70509;153213.33333333334;0.16633333333333333
25;70509;153213.33333333334;0.22177777777777777
26;70509;153213.33333333334;0.2772222222222222
27;70509;153213.33333333334;0.33266666666666667
28;70509;153213.33333333334;0.3881111111111111
29;70509;153213.33333333334;0.44355555555555554
30;70509;153213.33333333334;0.499
31;70509;229820.0;0
32;70509;229820.0;0.05544444444444444
33;70509;229820.0;0.11088888888888888
34;70509;229820.0;0.16633333333333333
35;70509;229820.0;0.22177777777777777
36;70509;229820.0;0.2772222222222222
37;70509;229820.0;0.33266666666666667
38;70509;229820.0;0.3881111111111111
39;70509;229820.0;0.44355555555555554
40;70509;229820.0;0.499
41;70509;306426.6666666667;0
42;70509;306426.6666666667;0.05544444444444444
43;70509;306426.6666666667;0.11088888888888888
44;70509;306426.6666666667;0.16633333333333333
45;70509;306426.6666666667;0.22177777777777777
46;70509;306426.6666666667;0.2772222222222222
47;70509;306426.6666666667;0.33266666666666667
48;70509;306426.6666666667;0.3881111111111111
49;70509;306426.6666666667;0.44355555555555554
50;70509;306426.6666666667;0.499
51;70509;383033.3333333334;0
52;70509;383033.3333333334;0.05544444444444444
53;70509;383033.3333333334;0.11088888888888888
54;70509;383033.3333333334;0.16633333333333333
55;70509;383033.3333333334;0.22177777777777777
56;70509;383033.3333333334;0.2772222222222222
57;70509;383033.3333333334;0.33266666666666667
58;70509;383033.3333333334;0.3881111111111111
59;70509;383033.3333333334;0.44355555555555554
60;70509;383033.3333333334;0.499
61;70509;459640.0;0
62;70509;459640.0;0.05544444444444444
63;70509;459640.0;0.11088888888888888
64;70509;459640.0;0.16633333333333333
65;70509;459640.0;0.22177777777777777
66;70509;459640.0;0.2772222222222222
67;70509;459640.0;0.33266666666666667
68;70509;459640.0;0.3881111111111111
69;70509;459640.0;0.44355555555555554
70;70509;459640.0;0.499
71;70509;536246.6666666667;0
72;70509;536246.6666666667;0.05544444444444444
73;70509;536246.6666666667;0.11088888888888888
74;70509;536246.6666666667;0.16633333333333333
75;70509;536246.6666666667;0.22177777777777777
76;70509;536246.6666666667;0.2772222222222222
77;70509;536246.6666666667;0.33266666666666667
78;70509;536246.6666666667;0.3881111111111111
79;70509;536246.6666666667;0.44355555555555554
80;70509;536246.6666666667;0.499
81;70509;612853.3333333334;0
82;70509;612853.3333333334;0.05544444444444444
83;70509;612853.3333333334;0.11088888888888888
84;70509;612853.3333333334;0.16633333333333333
85;70509;612853.3333333334;0.22177777777777777
86;70509;612853.3333333334;0.2772222222222222
87;70509;612853.3333333334;0.33266666666666667
88;70509;612853.3333333334;0.3881111111111111
89;70509;612853.3333333334;0.44355555555555554
90;70509;612853.3333333334;0.499
91;70509;689460;0
92;70509;689460;0.05544444444444444
93;70509;689460;0.11088888888888888
94;70509;689460;0.16633333333333333
95;70509;689460;0.22177777777777777
96;70509;689460;0.2772222222222222
97;70509;689460;0.33266666666666667
98;70509;689460;0.3881111111111111
99;70509;689460;0.44355555555555554
100;70509;689460;0.499
101;64036;0;0
102;64036;0;0.05544444444444444
103;64036;0;0.11088888888888888
104;64036;0;0.16633333333333333
105;64036;0;0.22177777777777777
106;64036;0;0.2772222222222222
107;64036;0;0.33266666666666667
108;64036;0;0.3881111111111111
109;64036;0;0.44355555555555554
110;64036;0;0.499
111;64036;76606.66666666667;0
112;64036;76606.66666666667;0.05544444444444444
113;64036;76606.66666666667;0.11088888888888888
114;64036;76606.66666666667;0.16633333333333333
115;64036;76606.66666666667;0.22177777777777777
116;64036;76606.66666666667;0.2772222222222222
117;64036;76606.66666666667;0.33266666666666667
118;64036;76606.66666666667;0.3881111111111111
119;64036;76606.66666666667;0.44355555555555554
120;64036;76606.66666666667;0.499
121;64036;153213.33333333334;0
122;64036;153213.33333333334;0.05544444444444444
123;64036;153213.33333333334;0.11088888888888888
124;64036;153213.33333333334;0.16633333333333333
125;64036;153213.33333333334;0.22177777777777777
126;64036;153213.33333333334;0.2772222222222222
127;64036;153213.33333333334;0.33266666666666667
128;64036;153213.33333333334;0.3881111111111111
129;64036;153213.33333333334;0.44355555555555554
130;64036;153213.33333333334;0.499
131;64036;229820.0;0
132;64036;229820.0;0.05544444444444444
133;64036;229820.0;0.11088888888888888
134;64036;229820.0;0.16633333333333333
135;64036;229820.0;0.22177777777777777
136;64036;229820.0;0.2772222222222222
137;64036;229820.0;0.33266666666666667
138;64036;229820.0;0.3881111111111111
139;64036;229820.0;0.44355555555555554
140;64036;229820.0;0.499
141;64036;306426.6666666667;0
142;64036;306426.6666666667;0.05544444444444444
143;64036;306426.6666666667;0.11088888888888888
144;64036;306426.6666666667;0.16633333333333333
145;64036;306426.6666666667;0.22177777777777777
146;64036;306426.6666666667;0.2772222222222222
147;64036;306426.6666666667;0.33266666666666667
148;64036;306426.6666666667;0.3881111111111111
149;64036;306426.6666666667;0.44355555555555554
150;64036;306426.6666666667;0.499
151;64036;383033.3333333334;0
152;64036;383033.3333333334;0.05544444444444444
153;64036;383033.3333333334;0.11088888888888888
154;64036;383033.3333333334;0.16633333333333333
155;64036;383033.3333333334;0.22177777777777777
156;64036;383033.3333333334;0.2772222222222222
157;64036;383033.3333333334;0.33266666666666667
158;64036;383033.3333333334;0.3881111111111111
159;64036;383033.3333333334;0.44355555555555554
160;64036;383033.3333333334;0.499
161;64036;459640.0;0
162;64036;459640.0;0.05544444444444444
163;64036;459640.0;0.11088888888888888
164;64036;459640.0;0.16633333333333333
165;64036;459640.0;0.22177777777777777
166;64036;459640.0;0.2772222222222222
167;64036;459640.0;0.33266666666666667
168;64036;459640.0;0.3881111111111111
169;64036;459640.0;0.44355555555555554
170;64036;459640.0;0.499
171;64036;536246.6666666667;0
172;64036;536246.6666666667;0.05544444444444444
173;64036;536246.6666666667;0.11088888888888888
174;64036;536246.6666666667;0.16633333333333333
175;64036;536246.6666666667;0.22177777777777777
176;64036;536246.6666666667;0.2772222222222222
177;64036;536246.6666666667;0.33266666666666667
178;64036;536246.6666666667;0.3881111111111111
179;64036;536246.6666666667;0.44355555555555554
180;64036;536246.6666666667;0.499
181;64036;612853.3333333334;0
182;64036;612853.3333333334;0.05544444444444444
183;64036;612853.3333333334;0.11088888888888888
184;64036;612853.3333333334;0.16633333333333333
185;64036;612853.3333333334;0.22177777777777777
186;64036;612853.3333333334;0.2772222222222222
187;64036;612853.3333333334;0.33266666666666667
188;64036;612853.3333333334;0.3881111111111111
189;64036;612853.3333333334;0.44355555555555554
190;64036;612853.3333333334;0.499
191;64036;689460;0
192;64036;689460;0.05544444444444444
193;64036;689460;0.11088888888888888
194;64036;689460;0.16633333333333333
195;64036;689460;0.22177777777777777
196;64036;689460;0.2772222222222222
197;64036;689460;0.33266666666666667
198;64036;689460;0.3881111111111111
199;64036;689460;0.44355555555555554
200;64036;689460;0.499
201;57563;0;0
202;57563;0;0.05544444444444444
203;57563;0;0.11088888888888888
204;57563;0;0.16633333333333333
205;57563;0;0.22177777777777777
206;57563;0;0.2772222222222222
207;57563;0;0.33266666666666667
208;57563;0;0.3881111111111111
209;57563;0;0.44355555555555554
210;57563;0;0.499
211;57563;76606.66666666667;0
212;57563;76606.66666666667;0.05544444444444444
213;57563;76606.66666666667;0.11088888888888888
214;57563;76606.66666666667;0.16633333333333333
215;57563;76606.66666666667;0.22177777777777777
216;57563;76606.66666666667;0.2772222222222222
217;57563;76606.66666666667;0.33266666666666667
218;57563;76606.66666666667;0.3881111111111111
219;57563;76606.66666666667;0.44355555555555554
220;57563;76606.66666666667;0.499
221;57563;153213.33333333334;0
222;57563;153213.33333333334;0.05544444444444444
223;57563;153213.33333333334;0.11088888888888888
224;57563;153213.33333333334;0.16633333333333333
225;57563;153213.33333333334;0.22177777777777777
226;57563;153213.33333333334;0.2772222222222222
227;57563;153213.33333333334;0.33266666666666667
228;57563;153213.33333333334;0.3881111111111111
229;57563;153213.33333333334;0.44355555555555554
230;57563;153213.33333333334;0.499
231;57563;229820.0;0
232;57563;229820.0;0.05544444444444444
233;57563;229820.0;0.11088888888888888
234;57563;229820.0;0.16633333333333333
235;57563;229820.0;0.22177777777777777
236;57563;229820.0;0.2772222222222222
237;57563;229820.0;0.33266666666666667
238;57563;229820.0;0.3881111111111111
239;57563;229820.0;0.44355555555555554
240;57563;229820.0;0.499
241;57563;306426.6666666667;0
242;57563;306426.6666666667;0.05544444444444444
243;57563;306426.6666666667;0.11088888888888888
244;57563;306426.6666666667;0.16633333333333333
245;57563;306426.6666666667;0.22177777777777777
246;57563;306426.6666666667;0.2772222222222222
247;57563;306426.6666666667;0.33266666666666667
248;57563;306426.6666666667;0.3881111111111111
249;57563;306426.6666666667;0.44355555555555554
250;57563;306426.6666666667;0.499
251;57563;383033.3333333334;0
252;57563;383033.3333333334;0.05544444444444444
253;57563;383033.3333333334;0.11088888888888888
254;57563;383033.3333333334;0.16633333333333333
255;57563;383033.3333333334;0.22177777777777777
256;57563;383033.3333333334;0.2772222222222222
257;57563;383033.3333333334;0.33266666666666667
258;57563;383033.3333333334;0.3881111111111111
259;57563;383033.3333333334;0.44355555555555554
260;57563;383033.3333333334;0.499
261;57563;459640.0;0
262;57563;459640.0;0.05544444444444444
263;57563;459640.0;0.11088888888888888
264;57563;459640.0;0.16633333333333333
265;57563;459640.0;0.22177777777777777
266;57563;459640.0;0.2772222222222222
267;57563;459640.0;0.33266666666666667
268;57563;459640.0;0.3881111111111111
269;57563;459640.0;0.44355555555555554
270;57563;459640.0;0.499
271;57563;536246.6666666667;0
272;57563;536246.6666666667;0.05544444444444444
273;57563;536246.6666666667;0.11088888888888888
274;57563;536246.6666666667;0.16633333333333333
275;57563;536246.6666666667;0.22177777777777777
276;57563;536246.6666666667;0.2772222222222222
277;57563;536246.6666666667;0.33266666666666667
278;57563;536246.6666666667;0.3881111111111111
279;57563;536246.6666666667;0.44355555555555554
280;57563;536246.6666666667;0.499
281;57563;612853.3333333334;0
282;57563;612853.3333333334;0.05544444444444444
283;57563;612853.3333333334;0.11088888888888888
284;57563;612853.3333333334;0.16633333333333333
285;57563;612853.3333333334;0.22177777777777777
286;57563;612853.3333333334;0.2772222222222222
287;57563;612853.3333333334;0.33266666666666667
288;57563;612853.3333333334;0.3881111111111111
289;57563;612853.3333333334;0.44355555555555554
290;57563;612853.3333333334;0.499
291;57563;689460;0
292;57563;689460;0.05544444444444444
293;57563;689460;0.11088888888888888
294;57563;689460;0.16633333333333333
295;57563;689460;0.22177777777777777
296;57563;689460;0.2772222222222222
297;57563;689460;0.33266666666666667
298;57563;689460;0.3881111111111111
299;57563;689460;0.44355555555555554
300;57563;689460;0.499
301;51090;0;0
302;51090;0;0.05544444444444444
303;51090;0;0.11088888888888888
304;51090;0;0.16633333333333333
305;51090;0;0.22177777777777777
306;51090;0;0.2772222222222222
307;51090;0;0.33266666666666667
308;51090;0;0.3881111111111111
309;51090;0;0.44355555555555554
310;51090;0;0.499
311;51090;76606.66666666667;0
312;51090;76606.66666666667;0.05544444444444444
313;51090;76606.66666666667;0.11088888888888888
314;51090;76606.66666666667;0.16633333333333333
315;51090;76606.66666666667;0.22177777777777777
316;51090;76606.66666666667;0.2772222222222222
317;51090;76606.66666666667;0.33266666666666667
318;51090;76606.66666666667;0.3881111111111111
319;51090;76606.66666666667;0.44355555555555554
320;51090;76606.66666666667;0.499
321;51090;153213.33333333334;0
322;51090;153213.33333333334;0.05544444444444444
323;51090;153213.33333333334;0.11088888888888888
324;51090;153213.33333333334;0.16633333333333333
325;51090;153213.33333333334;0.22177777777777777
326;51090;153213.33333333334;0.2772222222222222
327;51090;153213.33333333334;0.33266666666666667
328;51090;153213.33333333334;0.3881111111111111
329;51090;153213.33333333334;0.44355555555555554
330;51090;153213.33333333334;0.499
331;51090;229820.0;0
332;51090;229820.0;0.05544444444444444
333;51090;229820.0;0.11088888888888888
334;51090;229820.0;0.16633333333333333
335;51090;229820.0;0.22177777777777777
336;51090;229820.0;0.2772222222222222
337;51090;229820.0;0.33266666666666667
338;51090;229820.0;0.3881111111111111
339;51090;229820.0;0.44355555555555554
340;51090;229820.0;0.499
341;51090;306426.6666666667;0
342;51090;306426.6666666667;0.05544444444444444
343;51090;306426.6666666667;0.11088888888888888
344;51090;306426.6666666667;0.16633333333333333
345;51090;306426.6666666667;0.22177777777777777
346;51090;306426.6666666667;0.2772222222222222
347;51090;306426.6666666667;0.33266666666666667
348;51090;306426.6666666667;0.3881111111111111
349;51090;306426.6666666667;0.44355555555555554
350;51090;306426.6666666667;0.499
351;51090;383033.3333333334;0
352;51090;383033.3333333334;0.05544444444444444
353;51090;383033.3333333334;0.11088888888888888
354;51090;383033.3333333334;0.16633333333333333
355;51090;383033.3333333334;0.22177777777777777
356;51090;383033.3333333334;0.2772222222222222
357;51090;383033.3333333334;0.33266666666666667
358;51090;383033.3333333334;0.3881111111111111
359;51090;383033.3333333334;0.44355555555555554
360;51090;383033.3333333334;0.499
361;51090;459640.0;0
362;51090;459640.0;0.05544444444444444
363;51090;459640.0;0.11088888888888888
364;51090;459640.0;0.16633333333333333
365;51090;459640.0;0.22177777777777777
366;51090;459640.0;0.2772222222222222
367;51090;459640.0;0.33266666666666667
368;51090;459640.0;0.3881111111111111
369;51090;459640.0;0.44355555555555554
370;51090;459640.0;0.499
371;51090;536246.6666666667;0
372;51090;536246.6666666667;0.05544444444444444
373;51090;536246.6666666667;0.11088888888888888
374;51090;536246.6666666667;0.16633333333333333
375;51090;536246.6666666667;0.22177777777777777
376;51090;536246.6666666667;0.2772222222222222
377;51090;536246.6666666667;0.33266666666666667
378;51090;536246.6666666667;0.3881111111111111
379;51090;536246.6666666667;0.44355555555555554
380;51090;536246.6666666667;0.499
381;51090;612853.3333333334;0
382;51090;612853.3333333334;0.05544444444444444
383;51090;612853.3333333334;0.11088888888888888
384;51090;612853.3333333334;0.16633333333333333
385;51090;612853.3333333334;0.22177777777777777
386;51090;612853.3333333334;0.2772222222222222
387;51090;612853.3333333334;0.33266666666666667
388;51090;612853.3333333334;0.3881111111111111
389;51090;612853.3333333334;0.44355555555555554
390;51090;612853.3333333334;0.499
391;51090;689460;0
392;51090;689460;0.05544444444444444
393;51090;689460;0.11088888888888888
394;51090;689460;0.16633333333333333
395;51090;689460;0.22177777777777777
396;51090;689460;0.2772222222222222
397;51090;689460;0.33266666666666667
398;51090;689460;0.3881111111111111
399;51090;689460;0.44355555555555554
400;51090;689460;0.499
401;44617;0;0
402;44617;0;0.05544444444444444
403;44617;0;0.11088888888888888
404;44617;0;0.16633333333333333
405;44617;0;0.22177777777777777
406;44617;0;0.2772222222222222
407;44617;0;0.33266666666666667
408;44617;0;0.3881111111111111
409;44617;0;0.44355555555555554
410;44617;0;0.499
411;44617;76606.66666666667;0
412;44617;76606.66666666667;0.05544444444444444
413;44617;76606.66666666667;0.11088888888888888
414;44617;76606.66666666667;0.16633333333333333
415;44617;76606.66666666667;0.22177777777777777
416;44617;76606.66666666667;0.2772222222222222
417;44617;76606.66666666667;0.33266666666666667
418;44617;76606.66666666667;0.3881111111111111
419;44617;76606.66666666667;0.44355555555555554
420;44617;76606.66666666667;0.499
421;44617;153213.33333333334;0
422;44617;153213.33333333334;0.05544444444444444
423;44617;153213.33333333334;0.11088888888888888
424;44617;153213.33333333334;0.16633333333333333
425;44617;153213.33333333334;0.22177777777777777
426;44617;153213.33333333334;0.2772222222222222
427;44617;153213.33333333334;0.33266666666666667
428;44617;153213.33333333334;0.3881111111111111
429;44617;153213.33333333334;0.44355555555555554
430;44617;153213.33333333334;0.499
431;44617;229820.0;0
432;44617;229820.0;0.05544444444444444
433;44617;229820.0;0.11088888888888888
434;44617;229820.0;0.16633333333333333
435;44617;229820.0;0.22177777777777777
436;44617;229820.0;0.2772222222222222
437;44617;229820.0;0.33266666666666667
438;44617;229820.0;0.3881111111111111
439;44617;229820.0;0.44355555555555554
440;44617;229820.0;0.499
441;44617;306426.6666666667;0
442;44617;306426.6666666667;0.05544444444444444
443;44617;306426.6666666667;0.11088888888888888
444;44617;306426.6666666667;0.16633333333333333
445;44617;306426.6666666667;0.22177777777777777
446;44617;306426.6666666667;0.2772222222222222
447;44617;306426.6666666667;0.33266666666666667
448;44617;306426.6666666667;0.3881111111111111
449;44617;306426.6666666667;0.44355555555555554
450;44617;306426.6666666667;0.499
451;44617;383033.3333333334;0
452;44617;383033.3333333334;0.05544444444444444
453;44617;383033.3333333334;0.11088888888888888
454;44617;383033.3333333334;0.16633333333333333
455;44617;383033.3333333334;0.22177777777777777
456;44617;383033.3333333334;0.2772222222222222
457;44617;383033.3333333334;0.33266666666666667
458;44617;383033.3333333334;0.3881111111111111
459;44617;383033.3333333334;0.44355555555555554
460;44617;383033.3333333334;0.499
461;44617;459640.0;0
462;44617;459640.0;0.05544444444444444
463;44617;459640.0;0.11088888888888888
464;44617;459640.0;0.16633333333333333
465;44617;459640.0;0.22177777777777777
466;44617;459640.0;0.2772222222222222
467;44617;459640.0;0.33266666666666667
468;44617;459640.0;0.3881111111111111
469;44617;459640.0;0.44355555555555554
470;44617;459640.0;0.499
471;44617;536246.6666666667;0
472;44617;536246.6666666667;0.05544444444444444
473;44617;536246.6666666667;0.11088888888888888
474;44617;536246.6666666667;0.16633333333333333
475;44617;536246.6666666667;0.22177777777777777
476;44617;536246.6666666667;0.2772222222222222
477;44617;536246.6666666667;0.33266666666666667
478;44617;536246.6666666667;0.3881111111111111
479;44617;536246.6666666667;0.44355555555555554
480;44617;536246.6666666667;0.499
481;44617;612853.3333333334;0
482;44617;612853.3333333334;0.05544444444444444
483;44617;612853.3333333334;0.11088888888888888
484;44617;612853.3333333334;0.16633333333333333
485;44617;612853.3333333334;0.22177777777777777
486;44617;612853.3333333334;0.2772222222222222
487;44617;612853.3333333334;0.33266666666666667
488;44617;612853.3333333334;0.3881111111111111
489;44617;612853.3333333334;0.44355555555555554
490;44617;612853.3333333334;0.499
491;44617;689460;0
492;44617;689460;0.05544444444444444
493;44617;689460;0.11088888888888888
494;44617;689460;0.16633333333333333
495;44617;689460;0.22177777777777777
496;44617;689460;0.2772222222222222
497;44617;689460;0.33266666666666667
498;44617;689460;0.3881111111111111
499;44617;689460;0.44355555555555554
500;44617;689460;0.499
501;38144;0;0
502;38144;0;0.05544444444444444
503;38144;0;0.11088888888888888
504;38144;0;0.16633333333333333
505;38144;0;0.22177777777777777
506;38144;0;0.2772222222222222
507;38144;0;0.33266666666666667
508;38144;0;0.3881111111111111
509;38144;0;0.44355555555555554
510;38144;0;0.499
511;38144;76606.66666666667;0
512;38144;76606.66666666667;0.05544444444444444
513;38144;76606.66666666667;0.11088888888888888
514;38144;76606.66666666667;0.16633333333333333
515;38144;76606.66666666667;0.22177777777777777
516;38144;76606.66666666667;0.2772222222222222
517;38144;76606.66666666667;0.33266666666666667
518;38144;76606.66666666667;0.3881111111111111
519;38144;76606.66666666667;0.44355555555555554
520;38144;76606.66666666667;0.499
521;38144;153213.33333333334;0
522;38144;153213.33333333334;0.05544444444444444
523;38144;153213.33333333334;0.11088888888888888
524;38144;153213.33333333334;0.16633333333333333
525;38144;153213.33333333334;0.22177777777777777
526;38144;153213.33333333334;0.2772222222222222
527;38144;153213.33333333334;0.33266666666666667
528;38144;153213.33333333334;0.3881111111111111
529;38144;153213.33333333334;0.44355555555555554
530;38144;153213.33333333334;0.499
531;38144;229820.0;0
532;38144;229820.0;0.05544444444444444
533;38144;229820.0;0.11088888888888888
534;38144;229820.0;0.16633333333333333
535;38144;229820.0;0.22177777777777777
536;38144;229820.0;0.2772222222222222
537;38144;229820.0;0.33266666666666667
538;38144;229820.0;0.3881111111111111
539;38144;229820.0;0.44355555555555554
540;38144;229820.0;0.499
541;38144;306426.6666666667;0
542;38144;306426.6666666667;0.05544444444444444
543;38144;306426.6666666667;0.11088888888888888
544;38144;306426.6666666667;0.16633333333333333
545;38144;306426.6666666667;0.22177777777777777
546;38144;306426.6666666667;0.2772222222222222
547;38144;306426.6666666667;0.33266666666666667
548;38144;306426.6666666667;0.3881111111111111
549;38144;306426.6666666667;0.44355555555555554
550;38144;306426.6666666667;0.499
551;38144;383033.3333333334;0
552;38144;383033.3333333334;0.05544444444444444
553;38144;383033.3333333334;0.11088888888888888
554;38144;383033.3333333334;0.16633333333333333
555;38144;383033.3333333334;0.22177777777777777
556;38144;383033.3333333334;0.2772222222222222
557;38144;383033.3333333334;0.33266666666666667
558;38144;383033.3333333334;0.3881111111111111
559;38144;383033.3333333334;0.44355555555555554
560;38144;383033.3333333334;0.499
561;38144;459640.0;0
562;38144;459640.0;0.05544444444444444
563;38144;459640.0;0.11088888888888888
564;38144;459640.0;0.16633333333333333
565;38144;459640.0;0.22177777777777777
566;38144;459640.0;0.2772222222222222
567;38144;459640.0;0.33266666666666667
568;38144;459640.0;0.3881111111111111
569;38144;459640.0;0.44355555555555554
570;38144;459640.0;0.499
571;38144;536246.6666666667;0
572;38144;536246.6666666667;0.05544444444444444
573;38144;536246.6666666667;0.11088888888888888
574;38144;536246.6666666667;0.16633333333333333
575;38144;536246.6666666667;0.22177777777777777
576;38144;536246.6666666667;0.2772222222222222
577;38144;536246.6666666667;0.33266666666666667
578;38144;536246.6666666667;0.3881111111111111
579;38144;536246.6666666667;0.44355555555555554
580;38144;536246.6666666667;0.499
581;38144;612853.3333333334;0
582;38144;612853.3333333334;0.05544444444444444
583;38144;612853.3333333334;0.11088888888888888
584;38144;612853.3333333334;0.16633333333333333
585;38144;612853.3333333334;0.22177777777777777
586;38144;612853.3333333334;0.2772222222222222
587;38144;612853.3333333334;0.33266666666666667
588;38144;612853.3333333334;0.3881111111111111
589;38144;612853.3333333334;0.44355555555555554
590;38144;612853.3333333334;0.499
591;38144;689460;0
592;38144;689460;0.05544444444444444
593;38144;689460;0.11088888888888888
594;38144;689460;0.16633333333333333
595;38144;689460;0.22177777777777777
596;38144;689460;0.2772222222222222
597;38144;689460;0.33266666666666667
598;38144;689460;0.3881111111111111
599;38144;689460;0.44355555555555554
600;38144;689460;0.499
601;31671;0;0
602;31671;0;0.05544444444444444
603;31671;0;0.11088888888888888
604;31671;0;0.16633333333333333
605;31671;0;0.22177777777777777
606;31671;0;0.2772222222222222
607;31671;0;0.33266666666666667
608;31671;0;0.3881111111111111
609;31671;0;0.44355555555555554
610;31671;0;0.499
611;31671;76606.66666666667;0
612;31671;76606.66666666667;0.05544444444444444
613;31671;76606.66666666667;0.11088888888888888
614;31671;76606.66666666667;0.16633333333333333
615;31671;76606.66666666667;0.22177777777777777
616;31671;76606.66666666667;0.2772222222222222
617;31671;76606.66666666667;0.33266666666666667
618;31671;76606.66666666667;0.3881111111111111
619;31671;76606.66666666667;0.44355555555555554
620;31671;76606.66666666667;0.499
621;31671;153213.33333333334;0
622;31671;153213.33333333334;0.05544444444444444
623;31671;153213.33333333334;0.11088888888888888
624;31671;153213.33333333334;0.16633333333333333
625;31671;153213.33333333334;0.22177777777777777
626;31671;153213.33333333334;0.2772222222222222
627;31671;153213.33333333334;0.33266666666666667
628;31671;153213.33333333334;0.3881111111111111
629;31671;153213.33333333334;0.44355555555555554
630;31671;153213.33333333334;0.499
631;31671;229820.0;0
632;31671;229820.0;0.05544444444444444
633;31671;229820.0;0.11088888888888888
634;31671;229820.0;0.16633333333333333
635;31671;229820.0;0.22177777777777777
636;31671;229820.0;0.2772222222222222
637;31671;229820.0;0.33266666666666667
638;31671;229820.0;0.3881111111111111
639;31671;229820.0;0.44355555555555554
640;31671;229820.0;0.499
641;31671;306426.6666666667;0
642;31671;306426.6666666667;0.05544444444444444
643;31671;306426.6666666667;0.11088888888888888
644;31671;306426.6666666667;0.16633333333333333
645;31671;306426.6666666667;0.22177777777777777
646;31671;306426.6666666667;0.2772222222222222
647;31671;306426.6666666667;0.33266666666666667
648;31671;306426.6666666667;0.3881111111111111
649;31671;306426.6666666667;0.44355555555555554
650;31671;306426.6666666667;0.499
651;31671;383033.3333333334;0
652;31671;383033.3333333334;0.05544444444444444
653;31671;383033.3333333334;0.11088888888888888
654;31671;383033.3333333334;0.16633333333333333
655;31671;383033.3333333334;0.22177777777777777
656;31671;383033.3333333334;0.2772222222222222
657;31671;383033.3333333334;0.33266666666666667
658;31671;383033.3333333334;0.3881111111111111
659;31671;383033.3333333334;0.44355555555555554
660;31671;383033.3333333334;0.499
661;31671;459640.0;0
662;31671;459640.0;0.05544444444444444
663;31671;459640.0;0.11088888888888888
664;31671;459640.0;0.16633333333333333
665;31671;459640.0;0.22177777777777777
666;31671;459640.0;0.2772222222222222
667;31671;459640.0;0.33266666666666667
668;31671;459640.0;0.3881111111111111
669;31671;459640.0;0.44355555555555554
670;31671;459640.0;0.499
671;31671;536246.6666666667;0
672;31671;536246.6666666667;0.05544444444444444
673;31671;536246.6666666667;0.11088888888888888
674;31671;536246.6666666667;0.16633333333333333
675;31671;536246.6666666667;0.22177777777777777
676;31671;536246.6666666667;0.2772222222222222
677;31671;536246.6666666667;0.33266666666666667
678;31671;536246.6666666667;0.3881111111111111
679;31671;536246.6666666667;0.44355555555555554
680;31671;536246.6666666667;0.499
681;31671;612853.3333333334;0
682;31671;612853.3333333334;0.05544444444444444
683;31671;612853.3333333334;0.11088888888888888
684;31671;612853.3333333334;0.16633333333333333
685;31671;612853.3333333334;0.22177777777777777
686;31671;612853.3333333334;0.2772222222222222
687;31671;612853.3333333334;0.33266666666666667
688;31671;612853.3333333334;0.3881111111111111
689;31671;612853.3333333334;0.44355555555555554
690;31671;612853.3333333334;0.499
691;31671;689460;0
692;31671;689460;0.05544444444444444
693;31671;689460;0.11088888888888888
694;31671;689460;0.16633333333333333
695;31671;689460;0.22177777777777777
696;31671;689460;0.2772222222222222
697;31671;689460;0.33266666666666667
698;31671;689460;0.3881111111111111
699;31671;689460;0.44355555555555554
700;31671;689460;0.499
701;25198;0;0
702;25198;0;0.05544444444444444
703;25198;0;0.11088888888888888
704;25198;0;0.16633333333333333
705;25198;0;0.22177777777777777
706;25198;0;0.2772222222222222
707;25198;0;0.33266666666666667
708;25198;0;0.3881111111111111
709;25198;0;0.44355555555555554
710;25198;0;0.499
711;25198;76606.66666666667;0
712;25198;76606.66666666667;0.05544444444444444
713;25198;76606.66666666667;0.11088888888888888
714;25198;76606.66666666667;0.16633333333333333
715;25198;76606.66666666667;0.22177777777777777
716;25198;76606.66666666667;0.2772222222222222
717;25198;76606.66666666667;0.33266666666666667
718;25198;76606.66666666667;0.3881111111111111
719;25198;76606.66666666667;0.44355555555555554
720;25198;76606.66666666667;0.499
721;25198;153213.33333333334;0
722;25198;153213.33333333334;0.05544444444444444
723;25198;153213.33333333334;0.11088888888888888
724;25198;153213.33333333334;0.16633333333333333
725;25198;153213.33333333334;0.22177777777777777
726;25198;153213.33333333334;0.2772222222222222
727;25198;153213.33333333334;0.33266666666666667
728;25198;153213.33333333334;0.3881111111111111
729;25198;153213.33333333334;0.44355555555555554
730;25198;153213.33333333334;0.499
731;25198;229820.0;0
732;25198;229820.0;0.05544444444444444
733;25198;229820.0;0.11088888888888888
734;25198;229820.0;0.16633333333333333
735;25198;229820.0;0.22177777777777777
736;25198;229820.0;0.2772222222222222
737;25198;229820.0;0.33266666666666667
738;25198;229820.0;0.3881111111111111
739;25198;229820.0;0.44355555555555554
740;25198;229820.0;0.499
741;25198;306426.6666666667;0
742;25198;306426.6666666667;0.05544444444444444
743;25198;306426.6666666667;0.11088888888888888
744;25198;306426.6666666667;0.16633333333333333
745;25198;306426.6666666667;0.22177777777777777
746;25198;306426.6666666667;0.2772222222222222
747;25198;306426.6666666667;0.33266666666666667
748;25198;306426.6666666667;0.3881111111111111
749;25198;306426.6666666667;0.44355555555555554
750;25198;306426.6666666667;0.499
751;25198;383033.3333333334;0
752;25198;383033.3333333334;0.05544444444444444
753;25198;383033.3333333334;0.11088888888888888
754;25198;383033.3333333334;0.16633333333333333
755;25198;383033.3333333334;0.22177777777777777
756;25198;383033.3333333334;0.2772222222222222
757;25198;383033.3333333334;0.33266666666666667
758;25198;383033.3333333334;0.3881111111111111
759;25198;383033.3333333334;0.44355555555555554
760;25198;383033.3333333334;0.499
761;25198;459640.0;0
762;25198;459640.0;0.05544444444444444
763;25198;459640.0;0.11088888888888888
764;25198;459640.0;0.16633333333333333
765;25198;459640.0;0.22177777777777777
766;25198;459640.0;0.2772222222222222
767;25198;459640.0;0.33266666666666667
768;25198;459640.0;0.3881111111111111
769;25198;459640.0;0.44355555555555554
770;25198;459640.0;0.499
771;25198;536246.6666666667;0
772;25198;536246.6666666667;0.05544444444444444
773;25198;536246.6666666667;0.11088888888888888
774;25198;536246.6666666667;0.16633333333333333
775;25198;536246.6666666667;0.22177777777777777
776;25198;536246.6666666667;0.2772222222222222
777;25198;536246.6666666667;0.33266666666666667
778;25198;536246.6666666667;0.3881111111111111
779;25198;536246.6666666667;0.44355555555555554
780;25198;536246.6666666667;0.499
781;25198;612853.3333333334;0
782;25198;612853.3333333334;0.05544444444444444
783;25198;612853.3333333334;0.11088888888888888
784;25198;612853.3333333334;0.16633333333333333
785;25198;612853.3333333334;0.22177777777777777
786;25198;612853.3333333334;0.2772222222222222
787;25198;612853.3333333334;0.33266666666666667
788;25198;612853.3333333334;0.3881111111111111
789;25198;612853.3333333334;0.44355555555555554
790;25198;612853.3333333334;0.499
791;25198;689460;0
792;25198;689460;0.05544444444444444
793;25198;689460;0.11088888888888888
794;25198;689460;0.16633333333333333
795;25198;689460;0.22177777777777777
796;25198;689460;0.2772222222222222
797;25198;689460;0.33266666666666667
798;25198;689460;0.3881111111111111
799;25198;689460;0.44355555555555554
800;25198;689460;0.499
801;18725;0;0
802;18725;0;0.05544444444444444
803;18725;0;0.11088888888888888
804;18725;0;0.16633333333333333
805;18725;0;0.22177777777777777
806;18725;0;0.2772222222222222
807;18725;0;0.33266666666666667
808;18725;0;0.3881111111111111
809;18725;0;0.44355555555555554
810;18725;0;0.499
811;18725;76606.66666666667;0
812;18725;76606.66666666667;0.05544444444444444
813;18725;76606.66666666667;0.11088888888888888
814;18725;76606.66666666667;0.16633333333333333
815;18725;76606.66666666667;0.22177777777777777
816;18725;76606.66666666667;0.2772222222222222
817;18725;76606.66666666667;0.33266666666666667
818;18725;76606.66666666667;0.3881111111111111
819;18725;76606.66666666667;0.44355555555555554
820;18725;76606.66666666667;0.499
821;18725;153213.33333333334;0
822;18725;153213.33333333334;0.05544444444444444
823;18725;153213.33333333334;0.11088888888888888
824;18725;153213.33333333334;0.16633333333333333
825;18725;153213.33333333334;0.22177777777777777
826;18725;153213.33333333334;0.2772222222222222
827;18725;153213.33333333334;0.33266666666666667
828;18725;153213.33333333334;0.3881111111111111
829;18725;153213.33333333334;0.44355555555555554
830;18725;153213.33333333334;0.499
831;18725;229820.0;0
832;18725;229820.0;0.05544444444444444
833;18725;229820.0;0.11088888888888888
834;18725;229820.0;0.16633333333333333
835;18725;229820.0;0.22177777777777777
836;18725;229820.0;0.2772222222222222
837;18725;229820.0;0.33266666666666667
838;18725;229820.0;0.3881111111111111
839;18725;229820.0;0.44355555555555554
840;18725;229820.0;0.499
841;18725;306426.6666666667;0
842;18725;306426.6666666667;0.05544444444444444
843;18725;306426.6666666667;0.11088888888888888
844;18725;306426.6666666667;0.16633333333333333
845;18725;306426.6666666667;0.22177777777777777
846;18725;306426.6666666667;0.2772222222222222
847;18725;306426.6666666667;0.33266666666666667
848;18725;306426.6666666667;0.3881111111111111
849;18725;306426.6666666667;0.44355555555555554
850;18725;306426.6666666667;0.499
851;18725;383033.3333333334;0
852;18725;383033.3333333334;0.05544444444444444
853;18725;383033.3333333334;0.11088888888888888
854;18725;383033.3333333334;0.16633333333333333
855;18725;383033.3333333334;0.22177777777777777
856;18725;383033.3333333334;0.2772222222222222
857;18725;383033.3333333334;0.33266666666666667
858;18725;383033.3333333334;0.3881111111111111
859;18725;383033.3333333334;0.44355555555555554
860;18725;383033.3333333334;0.499
861;18725;459640.0;0
862;18725;459640.0;0.05544444444444444
863;18725;459640.0;0.11088888888888888
864;18725;459640.0;0.16633333333333333
865;18725;459640.0;0.22177777777777777
866;18725;459640.0;0.2772222222222222
867;18725;459640.0;0.33266666666666667
868;18725;459640.0;0.3881111111111111
869;18725;459640.0;0.44355555555555554
870;18725;459640.0;0.499
871;18725;536246.6666666667;0
872;18725;536246.6666666667;0.05544444444444444
873;18725;536246.6666666667;0.11088888888888888
874;18725;536246.6666666667;0.16633333333333333
875;18725;536246.6666666667;0.22177777777777777
876;18725;536246.6666666667;0.2772222222222222
877;18725;536246.6666666667;0.33266666666666667
878;18725;536246.6666666667;0.3881111111111111
879;18725;536246.6666666667;0.44355555555555554
880;18725;536246.6666666667;0.499
881;18725;612853.3333333334;0
882;18725;612853.3333333334;0.05544444444444444
883;18725;612853.3333333334;0.11088888888888888
884;18725;612853.3333333334;0.16633333333333333
885;18725;612853.3333333334;0.22177777777777777
886;18725;612853.3333333334;0.2772222222222222
887;18725;612853.3333333334;0.33266666666666667
888;18725;612853.3333333334;0.3881111111111111
889;18725;612853.3333333334;0.44355555555555554
890;18725;612853.3333333334;0.499
891;18725;689460;0
892;18725;689460;0.05544444444444444
893;18725;689460;0.11088888888888888
894;18725;689460;0.16633333333333333
895;18725;689460;0.22177777777777777
896;18725;689460;0.2772222222222222
897;18725;689460;0.33266666666666667
898;18725;689460;0.3881111111111111
899;18725;689460;0.44355555555555554
900;18725;689460;0.499
901;12253;0;0
902;12253;0;0.05544444444444444
903;12253;0;0.11088888888888888
904;12253;0;0.16633333333333333
905;12253;0;0.22177777777777777
906;12253;0;0.2772222222222222
907;12253;0;0.33266666666666667
908;12253;0;0.3881111111111111
909;12253;0;0.44355555555555554
910;12253;0;0.499
911;12253;76606.66666666667;0
912;12253;76606.66666666667;0.05544444444444444
913;12253;76606.66666666667;0.11088888888888888
914;12253;76606.66666666667;0.16633333333333333
915;12253;76606.66666666667;0.22177777777777777
916;12253;76606.66666666667;0.2772222222222222
917;12253;76606.66666666667;0.33266666666666667
918;12253;76606.66666666667;0.3881111111111111
919;12253;76606.66666666667;0.44355555555555554
920;12253;76606.66666666667;0.499
921;12253;153213.33333333334;0
922;12253;153213.33333333334;0.05544444444444444
923;12253;153213.33333333334;0.11088888888888888
924;12253;153213.33333333334;0.16633333333333333
925;12253;153213.33333333334;0.22177777777777777
926;12253;153213.33333333334;0.2772222222222222
927;12253;153213.33333333334;0.33266666666666667
928;12253;153213.33333333334;0.3881111111111111
929;12253;153213.33333333334;0.44355555555555554
930;12253;153213.33333333334;0.499
931;12253;229820.0;0
932;12253;229820.0;0.05544444444444444
933;12253;229820.0;0.11088888888888888
934;12253;229820.0;0.16633333333333333
935;12253;229820.0;0.22177777777777777
936;12253;229820.0;0.2772222222222222
937;12253;229820.0;0.33266666666666667
938;12253;229820.0;0.3881111111111111
939;12253;229820.0;0.44355555555555554
940;12253;229820.0;0.499
941;12253;306426.6666666667;0
942;12253;306426.6666666667;0.05544444444444444
943;12253;306426.6666666667;0.11088888888888888
944;12253;306426.6666666667;0.16633333333333333
945;12253;306426.6666666667;0.22177777777777777
946;12253;306426.6666666667;0.2772222222222222
947;12253;306426.6666666667;0.33266666666666667
948;12253;306426.6666666667;0.3881111111111111
949;12253;306426.6666666667;0.44355555555555554
950;12253;306426.6666666667;0.499
951;12253;383033.3333333334;0
952;12253;383033.3333333334;0.05544444444444444
953;12253;383033.3333333334;0.11088888888888888
954;12253;383033.3333333334;0.16633333333333333
955;12253;383033.3333333334;0.22177777777777777
956;12253;383033.3333333334;0.2772222222222222
957;12253;383033.3333333334;0.33266666666666667
958;12253;383033.3333333334;0.3881111111111111
959;12253;383033.3333333334;0.44355555555555554
960;12253;383033.3333333334;0.499
961;12253;459640.0;0
962;12253;459640.0;0.05544444444444444
963;12253;459640.0;0.11088888888888888
964;12253;459640.0;0.16633333333333333
965;12253;459640.0;0.22177777777777777
966;12253;459640.0;0.2772222222222222
967;12253;459640.0;0.33266666666666667
968;12253;459640.0;0.3881111111111111
969;12253;459640.0;0.44355555555555554
970;12253;459640.0;0.499
971;12253;536246.6666666667;0
972;12253;536246.6666666667;0.05544444444444444
973;12253;536246.6666666667;0.11088888888888888
974;12253;536246.6666666667;0.16633333333333333
975;12253;536246.6666666667;0.22177777777777777
976;12253;536246.6666666667;0.2772222222222222
977;12253;536246.6666666667;0.33266666666666667
978;12253;536246.6666666667;0.3881111111111111
979;12253;536246.6666666667;0.44355555555555554
980;12253;536246.6666666667;0.499
981;12253;612853.3333333334;0
982;12253;612853.3333333334;0.05544444444444444
983;12253;612853.3333333334;0.11088888888888888
984;12253;612853.3333333334;0.16633333333333333
985;12253;612853.3333333334;0.22177777777777777
986;12253;612853.3333333334;0.2772222222222222
987;12253;612853.3333333334;0.33266666666666667
988;12253;612853.3333333334;0.3881111111111111
989;12253;612853.3333333334;0.44355555555555554
990;12253;612853.3333333334;0.499
991;12253;689460;0
992;12253;689460;0.05544444444444444
993;12253;689460;0.11088888888888888
994;12253;689460;0.16633333333333333
995;12253;689460;0.22177777777777777
996;12253;689460;0.2772222222222222
997;12253;689460;0.33266666666666667
998;12253;689460;0.3881111111111111
999;12253;689460;0.44355555555555554
1000;12253;689460;0.499
